39.47 -86.89 126.36 85.85 40.51 0.0 110.0 1.0
39.47 0.0 40.51 0.0 39.47 0.0 109.0 -1.0
39.47 0.0 127.91 87.4 40.51 1.04 108.0 -1.0
39.47 0.0 125.24 84.73 40.51 1.04 105.0 -3.0
39.47 0.0 40.51 -82.44 40.51 1.04 108.0 3.0
39.47 0.0 40.51 -82.25 40.51 1.04 109.0 1.0
39.47 0.0 119.08 78.57 40.51 1.04 110.0 1.0
39.47 0.0 116.64 -1.2 40.51 0.0 111.0 1.0
39.47 0.0 110.53 -4.76 39.47 -1.04 113.0 2.0
39.47 0.0 40.51 0.0 39.47 0.0 111.0 -2.0
39.47 0.0 107.78 67.27 40.51 0.0 113.0 2.0
39.47 0.0 105.28 64.77 39.47 0.0 114.0 1.0
39.47 0.0 105.28 0.0 39.47 0.0 116.5 2.5
39.47 0.0 102.61 62.1 40.51 1.04 112.0 -4.5
39.47 0.0 40.51 0.0 40.51 0.0 116.5 4.5
39.47 0.0 96.39 0.0 39.47 -1.04 112.0 -4.5
39.47 0.0 40.51 -55.88 40.51 1.04 111.0 -1.0
39.47 0.0 96.39 55.88 40.51 0.0 110.0 -1.0
39.47 0.0 40.51 -55.88 39.47 -1.04 104.0 -6.0
39.47 0.0 40.51 0.0 39.47 0.0 99.0 -5.0
39.47 0.0 96.39 55.88 39.47 0.0 98.0 -1.0
39.47 0.0 40.51 -55.88 40.51 1.04 76.0 -22.0
39.47 0.0 40.51 0.0 40.51 0.0 75.0 -1.0
39.47 0.0 40.51 0.0 40.51 0.0 74.0 -1.0
39.47 0.0 40.51 -55.88 40.51 0.0 73.5 -0.5
39.47 0.0 96.39 55.88 40.51 0.0 71.0 -2.5
39.47 0.0 40.51 0.0 39.47 -1.04 69.0 -2.0
39.47 0.0 96.39 55.88 40.51 1.04 68.5 -0.5
39.47 0.0 96.39 0.0 39.47 -1.04 68.0 -0.5
39.47 0.0 40.51 -55.88 39.47 0.0 67.0 -1.0
39.47 0.0 96.39 0.0 40.51 1.04 66.0 -1.0
39.47 0.0 96.39 0.0 40.51 1.04 65.0 -1.0
47.44 0.08 96.39 55.88 47.44 0.02 61.0 -1.0
47.86 0.25 96.39 55.88 40.51 -7.13 60.0 -1.0
48.77 0.64 96.39 55.88 48.79 0.66 59.0 -1.0
48.85 0.06 96.39 0.0 48.96 8.45 55.0 -4.0
49.06 0.0 40.51 -55.88 40.51 0.0 54.0 -1.0
49.06 0.0 96.39 55.88 40.51 0.0 53.0 -1.0
49.06 0.0 40.51 -55.88 49.06 0.0 52.5 -0.5
49.06 0.0 40.51 -55.88 40.51 -8.55 52.0 -0.5
49.06 0.0 50.42 0.0 49.06 0.0 136.0 42.0
49.06 0.0 50.42 -45.97 49.06 0.0 94.0 -42.0
49.06 0.0 96.39 45.45 49.06 0.0 93.5 -0.5
49.06 0.0 41.57 -54.82 49.06 0.0 94.0 0.5
49.06 0.0 41.57 0.0 41.57 -7.49 93.5 -0.5
49.06 0.0 41.5 -54.89 49.06 0.0 93.0 -0.5
49.06 0.0 41.49 -0.01 49.06 0.0 88.0 -5.0
49.06 0.0 96.39 0.0 49.06 7.57 84.5 -3.5
49.06 0.0 40.56 -55.83 40.56 -8.5 83.5 -1.0
49.06 0.0 96.39 55.83 49.06 8.5 83.0 -0.5
49.06 0.0 96.39 0.0 49.06 0.0 77.0 -6.0
49.06 0.0 96.39 0.0 40.34 -0.02 66.5 -10.5
49.06 0.0 40.34 -56.05 40.34 0.0 66.0 -0.5
49.06 0.0 96.39 57.25 49.06 9.92 65.5 -0.5
49.06 0.0 96.39 57.92 38.47 0.0 65.0 -0.5
49.06 0.0 38.47 -57.92 49.06 10.59 64.0 -1.0
49.06 0.0 38.46 -57.93 38.46 -10.6 63.5 -0.5
49.06 0.0 96.39 57.93 49.06 10.6 63.0 -0.5
49.06 0.0 38.36 -58.03 49.06 0.0 62.5 -0.5
49.06 0.0 96.39 58.03 38.22 -10.84 62.0 -0.5
49.06 0.0 96.39 0.0 49.06 10.84 61.0 -1.0
49.06 0.0 38.19 -58.2 38.19 -10.87 60.0 -1.0
49.06 0.0 38.19 0.0 38.19 0.0 61.0 1.0
49.06 0.0 38.19 -58.2 49.06 10.87 62.0 1.0
49.06 0.0 73.28 -23.11 73.82 24.76 83.5 2.0
49.06 0.0 96.39 21.35 49.06 -25.98 81.5 -2.0
49.06 0.0 75.07 -21.32 49.06 0.0 81.0 -0.5
49.06 0.0 75.93 -20.46 49.06 -26.15 80.0 -1.0
49.06 0.0 75.93 0.0 49.06 0.0 79.5 -0.5
49.06 0.0 96.39 0.0 49.06 -26.87 79.0 -0.5
49.06 0.0 75.93 -20.46 75.93 26.87 78.5 -0.5
49.06 0.0 96.39 20.46 75.93 0.0 78.0 -0.5
49.06 0.0 75.94 -20.45 75.94 0.0 77.0 -1.0
49.06 0.0 96.39 20.45 75.94 0.0 75.0 -2.0
49.06 0.0 75.94 -20.45 75.94 0.0 71.0 -4.0
49.06 0.0 75.94 0.0 75.94 0.0 60.0 -11.0
49.06 0.0 96.39 20.45 75.94 0.0 59.0 -1.0
49.06 0.0 96.39 0.0 49.06 -26.88 46.0 -13.0
49.06 0.0 96.39 20.45 75.94 26.88 45.0 -1.0
49.06 0.0 96.39 0.0 49.06 -26.88 43.0 -2.0
49.06 0.0 96.39 0.0 49.06 0.0 38.0 -5.0
49.06 0.0 75.94 -20.45 75.94 26.88 36.0 -2.0
49.06 0.0 75.94 0.0 49.06 -26.88 35.5 -0.5
49.06 0.0 75.94 0.0 75.94 26.88 35.0 -0.5
49.06 0.0 96.39 20.45 75.94 0.0 34.0 -1.0
49.06 0.0 96.39 20.45 49.06 -26.88 33.0 -1.0
49.06 0.0 75.94 -20.45 75.94 26.88 31.0 -2.0
49.06 0.0 96.39 20.45 49.06 -26.88 28.0 -3.0
49.06 0.0 75.94 -20.45 49.06 0.0 27.0 -1.0
49.06 0.0 75.94 -36.68 49.06 0.0 99.0 -2.0
49.06 0.0 75.94 -25.24 49.06 -26.88 98.0 -1.0
49.06 0.0 75.94 0.0 75.94 26.88 97.0 -1.0
49.06 0.0 92.43 -2.68 75.94 0.0 96.0 -1.0
49.06 0.0 91.24 0.0 49.06 0.0 95.0 -1.0
49.06 0.0 91.24 0.0 49.06 0.0 93.0 -2.0
49.06 0.0 90.59 -0.65 49.06 0.0 92.5 -0.5
49.06 0.0 75.94 -14.65 49.06 0.0 92.0 -0.5
49.06 0.0 90.59 14.65 75.94 26.88 91.0 -1.0
49.06 0.0 75.94 0.0 75.94 0.0 90.0 -1.0
49.06 0.0 90.59 14.65 49.06 -26.88 87.0 -3.0
49.06 0.0 90.59 0.0 75.94 26.88 75.5 -11.5
49.06 0.0 75.94 -14.65 75.94 0.0 69.0 -6.5
49.06 0.0 75.94 0.0 75.94 0.0 60.0 -9.0
49.06 0.0 75.94 0.0 49.06 -26.88 52.0 -8.0
49.06 0.0 90.59 14.65 49.06 0.0 47.0 -5.0
49.06 0.0 90.59 0.0 75.94 26.88 37.0 -10.0
49.06 0.0 90.59 0.0 75.94 0.0 36.0 -1.0
49.06 0.0 89.79 0.0 75.94 26.88 111.0 -1.0
49.06 0.0 89.8 0.01 75.94 0.0 108.0 -3.0
49.06 0.0 93.68 0.65 75.94 26.88 106.0 -2.0
49.06 0.0 93.68 0.0 49.06 -26.88 105.0 -1.0
49.06 0.0 93.74 17.8 49.06 -26.88 104.0 -1.0
49.06 0.0 93.74 0.0 75.94 0.0 103.0 -1.0
49.06 0.0 75.94 -17.8 75.94 0.0 99.0 -4.0
49.06 0.0 75.94 0.0 49.06 -26.88 97.5 -1.5
49.06 0.0 93.8 17.86 75.94 26.88 96.5 -1.0
49.06 0.0 93.86 17.92 49.06 -26.88 95.0 -1.5
49.06 0.0 93.86 0.0 49.06 0.0 89.0 -6.0
49.06 0.0 75.94 -17.92 49.06 0.0 85.0 -4.0
49.06 0.0 93.97 18.03 75.94 26.88 74.0 -11.0
49.06 0.0 93.97 0.0 49.06 -26.88 72.0 -2.0
49.06 0.0 93.97 0.0 49.06 0.0 65.0 -7.0
49.06 0.0 93.97 0.0 49.06 0.0 59.0 -6.0
49.06 0.0 93.97 0.0 75.94 26.88 58.0 -1.0
49.06 0.0 75.94 0.0 75.94 26.88 57.0 -1.0
50.61 0.79 93.97 0.0 50.66 -25.28 56.0 -1.0
50.66 0.05 75.94 -18.03 75.94 25.28 57.0 1.0
52.36 0.57 93.97 0.0 52.36 0.57 56.0 -1.0
52.36 0.0 75.94 -18.03 75.94 23.58 57.0 1.0
53.2 0.06 75.94 0.0 53.2 0.06 56.0 -1.0
58.41 0.16 75.94 0.0 75.94 0.0 55.0 -1.0
60.41 0.61 93.97 18.03 60.41 0.0 54.0 -1.0
60.41 0.0 93.97 18.03 75.94 15.53 53.0 -1.0
60.6 0.16 75.94 -18.03 75.94 15.34 49.0 -4.0
61.79 0.58 93.97 0.0 61.79 -14.15 48.0 -1.0
61.79 0.0 75.94 0.0 75.94 0.0 46.0 -2.0
61.79 0.0 93.97 18.03 61.79 -14.15 45.0 -1.0
61.79 0.0 75.94 -18.03 75.94 14.15 44.0 -1.0
61.79 0.0 93.97 18.03 61.79 -14.15 40.0 -4.0
61.79 0.0 93.97 0.0 75.94 14.15 36.0 -4.0
61.79 0.0 75.94 -18.03 75.94 0.0 28.5 -7.5
61.79 0.0 93.97 18.03 61.79 -14.15 28.0 -0.5
61.79 0.0 75.94 -18.03 75.94 14.15 26.0 -2.0
61.79 0.0 102.29 0.0 61.79 0.0 165.5 -0.5
61.79 0.0 93.97 -8.32 96.98 35.19 165.0 -0.5
61.79 0.0 93.97 0.0 61.79 -28.68 164.0 -1.0
61.79 0.0 83.51 -10.46 83.51 21.72 163.5 -0.5
61.79 0.0 76.6 -5.84 61.79 -20.65 161.0 -2.5
61.79 0.0 74.36 -2.24 74.36 12.57 158.0 -3.0
61.79 0.0 74.36 0.0 74.36 0.0 155.0 -3.0
61.79 0.0 93.97 0.0 73.39 -0.04 153.0 -2.0
61.79 0.0 93.97 0.0 61.79 0.0 152.0 -1.0
61.79 0.0 93.97 0.0 61.79 0.0 148.0 -4.0
61.79 0.0 93.97 0.0 61.79 0.0 146.0 -2.0
61.79 0.0 71.56 -22.41 71.56 9.77 144.0 -2.0
61.79 0.0 93.97 22.41 71.54 -0.02 141.5 -2.5
61.79 0.0 93.97 0.0 61.79 -9.75 138.5 -3.0
61.79 0.0 93.97 0.0 71.46 9.67 138.0 -0.5
61.79 0.0 71.43 -22.54 61.79 -9.67 134.0 -4.0
61.79 0.0 71.43 0.0 71.43 0.0 132.0 -2.0
61.79 0.0 71.43 0.0 71.43 0.0 129.0 -3.0
61.79 0.0 93.99 0.0 61.79 -9.64 125.5 -3.5
61.79 0.0 71.43 0.0 61.79 0.0 115.5 -10.0
61.79 0.0 93.97 0.0 61.79 -9.64 88.0 -27.5
61.79 0.0 71.43 -22.54 61.79 0.0 60.0 -28.0
61.79 0.0 93.97 22.54 61.79 0.0 57.0 -3.0
61.79 0.0 71.43 -22.54 71.43 9.64 49.0 -8.0
61.79 0.0 71.43 0.0 71.43 0.0 39.0 -10.0
61.79 0.0 71.43 0.0 61.79 -9.64 34.0 -5.0
61.79 0.0 93.97 22.54 61.79 0.0 29.0 -5.0
61.79 0.0 93.97 0.0 71.43 9.64 24.0 -5.0
61.79 0.0 93.97 22.54 71.43 0.0 23.5 -0.5
61.79 0.0 93.97 0.0 61.79 -9.64 22.0 -1.5
61.79 0.0 71.43 -22.54 71.43 9.64 21.0 -1.0
61.79 0.0 71.43 0.0 71.43 0.0 19.5 -1.5
61.79 0.0 93.97 0.0 61.79 0.0 18.5 -1.0
61.79 0.0 71.43 -22.54 71.43 9.64 18.0 -0.5
61.79 0.0 71.43 0.0 61.79 -9.64 17.5 -0.5
61.79 -2.93 64.72 0.0 61.79 5.29 157.0 1.0
61.79 0.0 64.72 2.21 62.51 0.72 156.0 -1.0
61.79 0.0 70.47 1.26 70.47 8.68 157.0 1.0
61.79 0.0 64.72 0.0 61.79 -8.68 156.0 -1.0
61.79 0.0 64.72 -10.22 61.79 -13.15 155.0 -1.0
61.79 0.0 75.26 0.09 75.26 13.47 152.0 -3.0
61.79 0.0 64.72 0.0 77.02 1.76 151.0 -1.0
61.79 0.0 64.72 0.0 61.79 -15.23 150.0 -1.0
61.79 0.0 64.72 -12.46 77.88 0.7 146.0 -4.0
61.79 0.0 77.99 13.27 77.99 0.11 145.5 -0.5
61.79 0.0 64.72 -13.27 61.79 -16.2 145.0 -0.5
61.79 0.0 80.38 0.0 80.38 0.0 141.0 -4.0
61.79 0.0 64.72 0.0 81.31 19.52 138.5 -2.5
61.79 0.0 81.31 16.59 81.31 0.0 131.0 -7.5
61.79 0.0 81.32 0.01 61.79 -19.52 126.0 -5.0
61.79 0.0 81.45 0.13 81.59 19.8 125.0 -1.0
61.79 0.0 64.72 -16.73 61.79 -19.8 124.0 -1.0
61.79 0.0 64.72 0.0 81.59 19.8 123.5 -0.5
61.79 0.0 64.72 0.0 61.79 -19.8 121.0 -2.5
61.79 0.0 83.5 18.78 61.79 0.0 110.0 -11.0
61.79 0.0 83.51 0.01 61.79 0.0 107.5 -2.5
61.79 0.0 86.24 2.73 61.79 0.0 106.5 -1.0
61.79 0.0 86.38 0.14 86.38 24.59 105.5 -1.0
61.79 0.0 64.72 0.0 61.79 -26.93 104.0 -1.5
61.79 0.0 64.72 -26.85 61.79 0.0 103.0 -1.0
61.79 0.0 64.72 -31.77 97.83 36.04 96.0 -7.0
61.79 0.0 97.83 33.11 61.79 -36.04 103.0 7.0
61.79 0.0 64.72 -33.11 61.79 0.0 104.0 1.0
61.79 0.0 64.72 0.0 61.79 -36.04 121.0 17.0
61.79 0.0 64.72 0.0 97.83 36.04 126.0 5.0
61.79 0.0 97.83 33.11 97.83 0.0 126.5 0.5
61.79 0.0 64.72 -33.11 61.79 -36.04 138.5 12.0
61.79 0.0 64.7 -0.02 61.79 0.0 141.5 3.0
61.79 0.0 97.83 33.13 97.83 36.04 142.0 0.5
61.79 0.0 56.78 -7.86 61.79 0.0 142.5 0.5
61.79 0.0 97.83 41.05 61.79 0.0 143.0 0.5
61.79 0.0 97.83 24.95 97.83 36.04 143.5 0.5
61.79 0.0 97.83 0.0 61.79 -36.04 143.0 -0.5
61.79 0.0 97.83 18.51 61.79 0.0 144.0 1.0
61.79 0.0 97.83 0.0 97.83 36.04 143.0 -1.0
61.79 0.0 94.08 -3.75 97.83 0.0 142.0 -1.0
61.79 0.0 94.08 0.0 61.79 -36.04 134.5 -7.5
61.79 0.0 97.83 3.75 97.83 36.04 134.0 -0.5
61.79 0.0 94.08 -3.75 97.83 0.0 131.0 -3.0
61.79 0.0 94.08 0.0 61.79 -36.04 129.0 -2.0
61.79 0.0 97.83 3.75 61.79 0.0 128.0 -1.0
61.79 0.0 97.83 0.0 97.83 36.04 125.5 -2.5
61.79 0.0 90.62 0.0 90.62 28.83 128.0 2.5
61.79 0.0 94.08 10.07 61.79 -22.22 125.5 -2.5
61.79 0.0 80.15 -13.93 80.15 18.36 123.5 -2.0
61.79 0.0 79.52 -0.63 61.79 -18.36 120.0 -3.5
61.79 0.0 79.52 0.0 61.79 0.0 123.5 3.5
61.79 0.0 94.08 0.0 61.79 -13.74 122.0 -1.5
61.79 0.0 68.38 -25.7 61.79 0.0 120.0 -2.0
61.79 0.0 94.08 25.7 66.68 4.89 119.0 -1.0
61.79 0.0 62.66 -31.42 62.66 0.87 117.0 -2.0
61.79 0.0 94.08 31.42 62.66 0.0 116.0 -1.0
61.79 0.0 62.64 -31.44 61.79 -0.87 115.5 -0.5
61.79 0.0 94.08 31.44 62.64 0.85 114.5 -1.0
61.79 0.0 62.62 -31.46 61.79 0.0 114.0 -0.5
61.79 0.0 94.08 31.46 62.62 0.83 113.5 -0.5
61.79 0.0 94.08 0.0 62.62 0.0 113.0 -0.5
61.79 0.0 62.76 -31.32 61.79 0.0 92.0 -21.0
61.79 0.0 94.08 31.32 62.88 1.09 80.0 -12.0
61.79 0.0 62.97 -31.11 61.79 0.0 78.0 -2.0
61.79 0.0 64.58 0.26 61.79 -2.53 79.0 1.0
61.79 0.0 94.08 29.5 64.67 2.88 78.0 -1.0
61.79 0.0 94.08 0.0 61.79 -2.88 77.0 -1.0
61.79 0.0 94.08 0.0 64.67 2.88 76.0 -1.0
61.79 0.0 94.08 0.0 64.67 0.0 75.0 -1.0
61.79 0.0 64.67 -29.41 64.67 0.0 74.0 -1.0
61.79 0.0 64.67 0.0 64.67 0.0 73.0 -1.0
61.79 0.0 94.08 29.41 64.67 0.0 72.0 -1.0
61.79 0.0 64.67 -29.41 61.79 0.0 71.0 -1.0
61.79 0.0 64.67 -29.41 64.67 2.88 70.0 -1.0
61.79 0.0 94.08 29.41 64.67 0.0 69.0 -1.0
61.79 0.0 94.08 0.0 64.67 0.0 68.0 -1.0
66.65 4.77 94.08 0.0 64.67 -1.98 69.0 1.0
68.83 0.01 64.67 -29.41 68.86 0.03 68.0 -1.0
70.06 1.23 64.67 0.0 70.06 1.2 67.0 -1.0
73.34 3.28 94.08 29.41 75.01 4.95 66.0 -1.0
78.59 0.0 94.08 29.41 64.67 0.0 65.0 -1.0
79.31 -0.01 64.67 -29.41 79.34 0.03 64.0 -1.0
80.22 0.0 64.67 -29.41 80.22 0.0 63.0 -1.0
80.28 0.06 94.08 29.41 64.67 -15.55 62.0 -1.0
80.87 0.0 94.08 0.0 80.87 16.2 58.0 -4.0
80.87 0.0 64.67 -29.41 64.67 -16.2 53.0 -5.0
80.88 0.01 64.67 0.0 80.88 16.21 52.0 -1.0
80.98 0.1 94.08 29.41 64.67 -16.21 50.0 -2.0
81.04 0.06 94.08 0.0 64.67 0.0 40.5 -9.5
81.09 0.05 94.08 0.0 64.67 0.0 37.0 -3.5
81.09 0.0 94.08 0.0 81.09 16.42 36.5 -0.5
81.09 0.0 64.67 -29.41 64.67 -16.42 35.5 -1.0
81.31 0.0 64.67 -29.41 64.67 0.0 35.0 -0.5
82.64 0.0 64.67 0.0 82.64 0.0 34.0 -1.0
82.64 0.0 94.08 0.0 82.64 17.97 33.0 -1.0
82.64 0.0 64.67 -29.41 64.67 -17.97 34.0 1.0
82.64 0.0 148.29 135.86 13.69 -68.95 100.5 0.5
82.64 0.0 13.69 -134.6 82.64 68.95 100.0 -0.5
82.64 0.0 18.17 0.05 82.64 64.52 101.0 1.0
82.64 0.0 24.95 -123.34 82.64 0.0 102.0 1.0
82.64 0.0 148.29 123.34 25.59 -57.05 103.0 1.0
82.64 0.0 148.29 0.0 82.64 0.0 104.0 1.0
82.64 0.0 36.58 0.08 82.64 0.0 104.5 0.5
82.64 0.0 148.29 111.71 36.68 -45.96 105.0 0.5
82.64 0.0 148.31 0.02 82.64 0.0 106.0 1.0
82.64 0.0 148.42 0.11 42.72 -39.92 107.0 1.0
82.64 0.0 148.77 0.2 82.64 0.0 108.0 1.0
82.64 0.0 148.93 0.16 42.72 -39.92 109.0 1.0
82.64 0.0 42.72 -106.21 42.72 0.0 110.0 1.0
82.64 0.0 148.98 106.26 82.64 39.92 116.5 6.5
82.64 0.0 42.72 -106.26 42.72 -39.92 118.0 1.5
82.64 0.0 150.18 107.46 82.64 39.92 120.0 2.0
82.64 0.0 150.18 0.0 42.72 -39.92 118.5 -1.5
82.64 0.0 42.72 0.0 82.64 0.0 121.0 2.5
82.64 0.0 42.72 0.0 42.72 0.0 121.5 0.5
82.64 0.0 119.54 76.82 42.72 0.0 121.0 -0.5
82.64 0.0 119.3 -0.24 42.72 0.0 118.5 -2.5
82.64 0.0 119.3 0.0 42.72 0.0 118.0 -0.5
82.64 0.0 119.3 0.0 82.64 39.92 117.5 -0.5
82.64 0.0 42.72 -76.58 42.72 -39.92 116.0 -1.5
82.64 0.0 111.87 69.15 42.72 0.0 114.5 -1.5
82.64 0.0 42.72 -67.57 42.72 -39.92 113.0 -1.5
82.64 0.0 110.05 67.33 42.72 0.0 105.5 -7.5
82.64 0.0 42.72 -67.33 82.64 39.92 85.5 -20.0
82.64 0.0 106.39 63.67 82.64 0.0 83.5 -2.0
82.64 0.0 42.72 0.0 82.64 0.0 81.0 -2.5
82.64 0.0 105.21 62.49 82.64 0.0 79.5 -1.5
82.64 0.0 42.72 -62.49 82.64 0.0 77.0 -2.5
82.64 0.0 42.72 0.0 42.72 -39.92 75.0 -2.0
82.64 0.0 100.38 57.66 82.64 39.92 71.0 -4.0
82.64 0.0 42.72 -57.66 42.72 -39.92 59.0 -12.0
82.64 0.0 42.72 -55.71 42.72 0.0 60.0 1.0
82.64 0.0 98.35 55.63 42.72 0.0 64.5 4.5
82.64 0.0 98.24 -0.11 82.64 39.92 71.0 6.5
82.64 0.0 98.16 -0.08 82.64 0.0 75.0 4.0
82.64 0.0 42.72 -55.44 42.72 -39.92 77.0 2.0
82.64 0.0 42.72 0.0 42.72 -39.92 75.0 -2.0
82.64 0.0 97.98 55.26 82.64 39.92 71.0 -4.0
82.64 0.0 42.72 -55.26 42.72 -39.92 64.5 -6.5
82.64 0.0 97.98 55.26 42.72 0.0 60.0 -4.5
82.64 0.0 97.98 0.0 82.64 39.92 59.0 -1.0
82.64 0.0 97.98 0.0 82.64 0.0 56.5 -2.5
82.64 0.0 42.72 -55.26 82.64 0.0 52.0 -4.5
82.64 0.0 42.72 0.0 82.64 0.0 51.5 -0.5
82.64 0.0 97.98 55.26 82.64 0.0 51.0 -0.5
82.64 0.0 97.98 55.26 82.64 39.92 48.5 -2.5
82.64 0.0 13.52 -38.39 82.64 0.0 98.0 -3.0
82.64 0.0 51.91 26.3 28.29 -54.35 97.5 -0.5
82.64 0.0 29.46 1.17 29.46 -53.18 98.0 0.5
82.64 0.0 51.91 22.45 82.64 53.18 97.5 -0.5
82.64 0.0 51.91 0.0 30.16 -52.48 98.0 0.5
82.64 0.0 51.91 0.0 82.64 52.48 97.5 -0.5
82.64 0.0 38.12 -13.79 82.64 0.0 98.0 0.5
82.64 0.0 39.36 -12.55 82.64 0.0 97.5 -0.5
82.64 0.0 51.91 10.29 41.62 -41.02 98.0 0.5
82.64 0.0 73.72 5.29 82.64 41.02 100.0 2.0
82.64 0.0 80.18 38.56 82.64 0.0 101.0 1.0
82.64 0.0 41.62 -38.56 41.62 -41.02 103.0 2.0
82.64 0.0 41.62 0.0 41.62 0.0 105.0 2.0
82.64 0.0 41.62 -44.96 41.62 -41.02 106.0 1.0
82.64 0.0 90.41 48.79 82.64 41.02 105.0 -1.0
82.64 0.0 94.91 0.03 41.62 0.0 108.0 3.0
82.64 0.0 95.76 54.14 41.62 0.0 105.0 -3.0
82.64 0.0 95.89 54.27 41.62 -41.02 108.0 3.0
82.64 0.0 41.62 -54.27 82.64 41.02 111.0 3.0
82.64 0.0 95.89 54.27 41.62 -41.02 108.0 -3.0
82.64 0.0 95.89 0.0 82.64 41.02 105.0 -3.0
82.64 0.0 95.89 0.0 82.64 41.02 103.0 -2.0
82.64 0.0 95.89 0.0 46.0 -36.64 100.0 -3.0
82.64 0.0 46.19 0.06 82.64 36.51 89.0 -11.0
82.64 0.0 47.46 1.27 82.64 0.0 77.0 -12.0
82.64 0.0 95.89 48.31 47.58 0.0 74.5 -2.5
82.64 0.0 95.89 0.0 82.64 35.06 74.0 -0.5
82.64 0.0 95.89 0.0 82.64 0.0 73.5 -0.5
82.64 0.0 47.58 -48.31 47.58 -35.06 73.0 -0.5
82.64 0.0 95.89 48.31 82.64 35.06 72.5 -0.5
82.64 0.0 47.61 -48.28 47.61 -35.03 71.5 -1.0
82.64 0.0 95.89 48.28 47.61 -35.03 68.0 -3.5
82.64 0.0 95.89 48.28 47.61 0.0 67.5 -0.5
82.64 0.0 95.89 0.0 47.61 0.0 65.0 -2.5
82.64 0.0 95.89 0.0 82.64 35.03 63.5 -1.5
82.64 0.0 95.89 0.0 82.64 0.0 62.0 -1.5
82.64 0.0 95.89 48.28 82.64 35.03 60.5 -1.5
82.64 0.0 95.89 0.0 47.61 -35.03 59.0 -1.5
82.64 0.0 95.89 48.28 82.64 35.03 58.0 -1.0
82.64 0.0 47.61 0.0 82.64 0.0 57.0 -1.0
82.64 0.0 95.89 48.28 82.64 0.0 56.0 -1.0
82.64 0.0 95.89 0.0 82.64 0.0 54.0 -2.0
82.64 0.0 95.89 48.28 47.61 0.0 53.0 -1.0
105.93 0.0 47.61 0.0 82.63 0.0 18.0 0.5
105.93 0.0 47.61 0.0 82.63 0.0 18.5 0.5
105.93 0.0 47.61 0.0 82.63 0.0 18.0 -0.5
105.88 -0.05 47.61 0.0 82.63 0.0 17.5 -0.5
105.86 -0.02 47.61 0.0 82.63 0.0 18.0 0.5
105.86 0.0 47.61 0.0 82.63 0.0 18.5 0.5
105.78 -0.08 47.61 0.0 82.63 0.0 18.0 -0.5
105.74 -0.04 47.61 0.0 82.63 0.0 18.5 0.5
105.73 -0.01 47.61 0.0 82.63 0.0 18.0 -0.5
106.43 0.0 47.61 0.0 82.63 0.0 18.5 0.5
105.34 -0.39 47.61 0.0 82.63 0.0 18.0 -0.5
103.59 0.0 47.61 0.0 82.63 0.0 18.5 0.5
103.59 0.0 47.61 0.0 82.63 0.0 19.5 1.0
103.58 0.0 47.61 0.0 82.63 0.0 20.0 0.5
103.58 0.0 47.61 0.0 82.63 0.0 29.0 9.0
46.95 0.0 116.26 0.2 9.09 0.0 68.0 -8.0
46.95 0.0 91.33 -6.01 9.09 0.0 67.0 -1.0
46.95 0.0 88.91 0.0 9.09 0.0 66.0 -1.0
46.95 0.0 88.91 0.0 9.09 0.0 65.0 -1.0
46.95 0.0 88.91 0.0 9.09 0.0 64.0 -1.0
46.95 0.0 88.91 0.0 9.09 0.0 63.0 -1.0
46.95 0.0 88.9 -0.01 9.09 0.0 62.0 -1.0
75.92 0.0 88.92 0.0 9.09 0.0 63.0 1.0
82.21 6.29 88.92 0.0 9.09 0.0 64.0 1.0
84.41 2.2 88.92 0.0 9.09 0.0 65.0 1.0
93.44 0.58 88.92 0.0 9.09 0.0 63.0 -2.0
98.29 0.0 88.92 0.0 9.09 0.0 65.0 2.0
98.29 0.0 88.92 0.0 9.09 0.0 69.0 4.0
98.29 0.0 88.92 0.0 9.09 0.0 71.0 2.0
98.29 0.0 88.92 0.0 9.09 0.0 72.0 1.0
98.29 0.0 95.88 5.37 9.09 0.0 73.0 1.0
98.29 0.0 99.86 1.17 9.09 0.0 74.0 1.0
98.29 0.0 89.15 -0.04 9.09 0.0 75.0 1.0
98.29 0.0 82.14 -3.83 9.09 0.0 74.0 -1.0
98.29 0.0 66.46 -1.78 9.09 0.0 73.0 -1.0
98.29 0.0 65.76 -0.7 9.09 0.0 72.0 -1.0
98.29 0.0 61.46 -4.3 9.09 0.0 71.0 -1.0
98.29 0.0 60.84 -0.62 9.09 0.0 70.0 -1.0
98.29 0.0 60.84 0.0 9.09 0.0 69.0 -1.0
98.29 0.0 60.81 -0.01 9.09 0.0 63.0 -6.0
98.29 0.0 60.81 0.0 9.09 0.0 62.0 -1.0
98.29 0.0 60.81 0.0 9.09 0.0 60.0 -2.0
98.29 0.0 60.62 -0.02 9.09 0.0 58.0 -2.0
98.29 0.0 60.61 -0.01 9.09 0.0 57.0 -1.0
98.29 0.0 60.61 0.0 9.09 0.0 56.0 -1.0
98.29 0.0 60.6 -0.01 9.09 0.0 55.0 -1.0
98.29 0.0 60.6 0.0 9.09 0.0 54.0 -1.0
98.29 0.0 60.41 -0.08 9.09 0.0 53.0 -1.0
98.29 0.0 60.41 0.0 9.09 0.0 54.0 1.0
98.29 0.0 60.41 0.0 9.09 0.0 53.0 -1.0
98.29 0.0 59.56 0.0 9.09 0.0 54.0 1.0
98.29 0.0 59.56 0.0 9.09 0.0 56.0 2.0
98.29 0.0 59.34 -0.08 9.09 0.0 57.0 1.0
98.29 0.0 62.32 0.58 9.09 0.0 58.5 1.5
98.29 0.0 62.32 0.0 9.09 0.0 60.0 1.5
98.29 0.0 62.32 0.0 9.09 0.0 58.5 -1.5
98.29 0.0 62.41 0.09 9.09 0.0 58.0 -0.5
98.29 0.0 63.74 1.33 9.09 0.0 57.0 -1.0
98.29 0.0 63.82 0.0 9.09 0.0 58.0 1.0
98.29 0.0 63.83 0.01 9.09 0.0 58.5 0.5
98.29 0.0 63.86 0.03 9.09 0.0 59.0 0.5
98.29 0.0 63.86 0.0 9.09 0.0 60.5 1.5
98.29 0.0 63.86 0.0 9.09 0.0 61.0 0.5
98.29 0.0 63.86 0.0 9.09 0.0 62.5 1.5
98.29 0.0 63.86 0.0 9.09 0.0 64.5 2.0
98.29 0.0 63.86 0.0 9.09 0.0 65.0 0.5
98.29 0.0 63.86 0.0 9.09 0.0 66.0 1.0
98.29 0.0 63.86 0.0 9.09 0.0 67.5 1.5
98.29 0.0 63.86 0.0 9.09 0.0 68.5 1.0
98.29 0.0 63.86 0.0 9.09 0.0 73.0 4.5
98.29 0.0 63.86 0.0 9.09 0.0 74.5 1.5
98.29 0.0 63.86 0.0 9.09 0.0 75.0 0.5
98.29 0.0 63.86 0.0 9.08 -0.01 75.5 0.5
98.29 0.0 63.86 0.0 9.05 -0.01 79.0 3.5
98.29 0.0 63.86 0.0 7.84 0.0 80.0 1.0
98.29 0.0 63.86 0.0 17.71 0.19 79.0 -1.0
98.29 0.0 63.86 0.0 21.12 2.21 75.0 -4.0
98.29 0.0 63.86 0.0 21.23 0.01 73.0 -2.0
98.29 0.0 63.86 0.0 21.23 0.0 69.0 -4.0
98.29 0.0 63.86 0.0 21.31 0.08 68.0 -1.0
98.29 0.0 63.86 0.0 21.5 0.19 67.0 -1.0
98.29 0.0 63.86 0.0 21.52 0.02 64.0 -3.0
98.29 0.0 63.86 0.0 21.64 0.12 62.0 -2.0
98.29 0.0 63.86 0.0 21.93 0.11 58.0 -4.0
98.29 0.0 63.86 0.0 23.24 0.0 57.5 -0.5
98.29 0.0 63.86 0.0 23.98 0.74 57.0 -0.5
98.29 0.0 63.86 0.0 24.14 0.16 56.5 -0.5
98.29 0.0 63.86 0.0 24.13 -0.01 55.0 -1.5
98.29 0.0 63.86 0.0 24.13 0.0 54.0 -1.0
98.29 0.0 63.86 0.0 24.14 0.0 53.5 -0.5
98.29 0.0 63.86 0.0 24.14 0.0 53.0 -0.5
98.29 0.0 63.86 0.0 24.14 0.0 52.0 -1.0
61.55 0.0 145.67 0.0 15.56 0.0 73.0 1.0
61.55 0.0 145.67 0.0 15.56 0.0 72.0 -1.0
61.55 0.0 137.82 -0.74 15.56 0.0 73.0 1.0
61.55 0.0 137.67 -0.15 15.56 0.0 74.0 1.0
61.55 0.0 111.59 -2.29 15.56 0.0 75.0 1.0
61.55 0.0 89.94 -4.78 15.56 0.0 82.0 7.0
61.55 0.0 86.03 -0.05 15.56 0.0 84.0 2.0
61.55 0.0 75.79 -1.12 15.56 0.0 106.5 22.5
61.55 0.0 71.32 -4.47 15.56 0.0 115.0 8.5
53.25 0.0 71.32 0.0 15.56 0.0 122.0 7.0
53.25 0.0 71.32 0.0 15.56 0.0 125.0 3.0
66.98 0.16 71.32 0.0 15.56 0.0 122.0 -3.0
68.08 1.1 71.32 0.0 15.56 0.0 112.0 -10.0
71.8 3.72 71.32 0.0 15.56 0.0 107.0 -5.0
74.58 2.78 71.32 0.0 15.56 0.0 106.5 -0.5
78.38 3.79 71.32 0.0 15.56 0.0 106.0 -0.5
82.12 0.0 71.32 0.0 15.56 0.0 105.0 -1.0
90.61 0.0 71.32 0.0 15.56 0.0 98.0 -7.0
99.34 0.0 71.32 0.0 15.56 0.0 94.0 -4.0
99.34 0.0 71.32 0.0 15.56 0.0 83.0 -11.0
99.34 0.0 71.32 0.0 15.56 0.0 80.0 -3.0
99.34 0.0 71.32 0.0 15.56 0.0 67.0 -13.0
99.34 0.0 71.32 0.0 15.56 0.0 66.0 -1.0
99.34 0.0 71.32 0.0 15.56 0.0 64.0 -2.0
99.34 0.0 71.32 0.0 15.56 0.0 63.5 -0.5
99.34 0.0 72.47 1.15 15.56 0.0 61.0 -2.5
99.34 0.0 73.32 0.85 15.56 0.0 57.0 -4.0
99.34 0.0 74.46 1.14 15.56 0.0 51.0 -6.0
99.34 0.0 71.89 -4.9 15.56 0.0 48.0 -3.0
99.34 0.0 70.19 0.0 15.56 0.0 47.0 -1.0
99.34 0.0 68.97 -1.22 15.56 0.0 44.0 -3.0
99.34 0.0 66.12 -0.03 15.56 0.0 39.0 -5.0
99.34 0.0 61.62 -0.67 15.56 0.0 38.0 -1.0
99.34 0.0 61.62 0.0 15.56 0.0 35.0 -3.0
99.34 0.0 56.88 -0.02 15.56 0.0 38.0 3.0
99.34 0.0 56.88 0.0 15.56 0.0 39.0 1.0
99.34 0.0 56.84 -0.04 15.56 0.0 38.0 -1.0
99.34 0.0 56.84 0.0 15.56 0.0 39.0 1.0
99.34 0.0 56.84 0.0 15.56 0.0 40.0 1.0
99.34 0.0 56.84 0.0 15.56 0.0 43.5 3.5
99.34 0.0 56.84 0.0 15.56 0.0 46.5 3.0
99.34 0.0 56.84 0.0 15.56 0.0 47.0 0.5
99.34 0.0 56.84 0.0 15.56 0.0 48.0 1.0
99.34 0.0 56.84 0.0 15.56 0.0 50.0 2.0
99.34 0.0 56.85 0.01 15.56 0.0 51.5 1.5
99.34 0.0 56.85 -0.01 15.56 0.0 52.5 1.0
99.34 0.0 56.86 0.0 15.56 0.0 54.0 1.5
99.34 0.0 56.86 0.0 15.56 0.0 57.0 3.0
99.34 0.0 57.03 0.14 15.56 0.0 62.0 5.0
99.34 0.0 57.16 0.0 15.56 0.0 62.5 0.5
99.34 0.0 57.33 0.16 15.56 0.0 63.0 0.5
99.34 0.0 57.33 0.0 15.56 0.0 62.5 -0.5
99.34 0.0 57.33 0.0 15.56 0.0 63.0 0.5
99.34 0.0 57.33 0.0 15.56 0.0 62.5 -0.5
99.34 0.0 57.33 0.0 15.56 0.0 63.0 0.5
99.34 0.0 57.33 0.0 15.56 0.0 63.5 0.5
99.34 0.0 57.34 0.01 15.56 0.0 64.0 0.5
99.34 0.0 57.66 0.03 15.56 0.0 63.5 -0.5
99.34 0.0 57.83 0.0 15.56 0.0 63.0 -0.5
99.34 0.0 58.01 0.0 15.56 0.0 62.5 -0.5
99.34 0.0 58.17 0.04 15.56 0.0 62.0 -0.5
99.34 0.0 58.31 0.0 15.56 0.0 61.0 -1.0
99.34 0.0 58.38 0.0 15.56 0.0 56.5 -4.5
99.34 0.0 58.49 0.11 15.56 0.0 56.0 -0.5
99.34 0.0 58.49 0.0 15.56 0.0 55.0 -1.0
99.34 0.0 58.61 0.12 15.56 0.0 54.0 -1.0
99.34 0.0 58.61 0.0 15.56 0.0 53.5 -0.5
99.34 0.0 58.61 0.0 15.56 0.0 52.5 -1.0
99.34 0.0 58.77 0.16 15.56 0.0 52.0 -0.5
99.34 0.0 58.79 0.02 15.56 0.0 51.0 -1.0
99.34 0.0 58.79 0.0 15.56 0.0 50.5 -0.5
99.34 0.0 58.91 0.12 15.56 0.0 50.0 -0.5
99.34 0.0 59.66 0.75 15.56 0.0 48.5 -1.5
99.34 0.0 60.07 0.0 15.56 0.0 50.0 1.5
99.34 0.0 60.07 0.0 15.56 0.0 50.5 0.5
99.34 0.0 60.07 0.0 15.56 0.0 55.5 5.0
99.34 0.0 60.07 0.0 15.56 0.0 56.0 0.5
99.34 0.0 60.07 0.0 8.59 -0.03 56.5 0.5
99.34 0.0 60.07 0.0 8.59 0.0 57.0 0.5
99.34 0.0 60.07 0.0 11.86 3.29 57.5 0.5
99.34 0.0 60.07 0.0 13.75 0.0 57.0 -0.5
99.34 0.0 60.07 0.0 13.75 0.0 56.5 -0.5
99.34 0.0 60.07 0.0 13.75 0.0 56.0 -0.5
99.34 0.0 60.07 0.0 13.75 0.0 55.5 -0.5
99.34 0.0 60.07 0.0 13.75 0.0 52.0 -3.5
99.34 0.0 60.07 0.0 13.75 0.0 51.0 -1.0
99.34 0.0 60.07 0.0 15.39 0.0 52.0 1.0
99.34 0.0 60.07 0.0 15.35 -0.04 54.0 2.0
99.34 0.0 60.07 0.0 15.27 -0.08 54.5 0.5
99.34 0.0 60.07 0.0 15.27 0.0 55.5 1.0
99.34 0.0 60.07 0.0 15.28 0.01 56.0 0.5
99.34 0.0 60.07 0.0 14.91 0.0 55.5 -0.5
99.34 0.0 60.07 0.0 16.19 1.28 55.0 -0.5
99.34 0.0 60.07 0.0 16.21 0.02 55.5 0.5
99.34 0.0 60.07 0.0 16.21 0.0 55.0 -0.5
99.34 0.0 60.07 0.0 16.24 0.02 55.5 0.5
99.34 0.0 60.07 0.0 16.24 0.0 55.0 -0.5
99.34 0.0 60.07 0.0 16.25 0.01 55.5 0.5
99.34 0.0 60.07 0.0 16.27 0.0 55.0 -0.5
99.34 0.0 60.07 0.0 16.4 0.05 54.5 -0.5
99.34 0.0 60.07 0.0 16.57 0.0 54.0 -0.5
99.34 0.0 60.07 0.0 16.63 0.0 53.5 -0.5
99.34 0.0 60.07 0.0 16.63 0.0 54.0 0.5
99.34 0.0 60.07 0.0 16.63 0.0 53.5 -0.5
99.34 0.0 60.07 0.0 16.63 0.0 53.0 -0.5
99.34 0.0 60.07 0.0 16.63 0.0 52.0 -1.0
99.34 0.0 60.07 0.0 16.66 0.0 53.0 1.0
99.34 0.0 60.07 0.0 16.66 0.0 52.0 -1.0
99.34 0.0 60.07 0.0 16.66 0.0 53.0 1.0
99.34 0.0 60.07 0.0 16.72 0.0 52.0 -1.0
99.34 0.0 60.07 0.0 16.72 0.0 51.5 -0.5
99.34 0.0 60.07 0.0 16.72 0.0 52.0 0.5
99.34 0.0 60.07 0.0 16.75 0.03 51.5 -0.5
99.34 0.0 60.07 0.0 16.83 0.0 50.5 -1.0
99.34 0.0 60.07 0.0 16.94 0.0 48.5 -2.0
99.34 0.0 60.07 0.0 16.94 0.0 48.0 -0.5
99.34 0.0 60.07 0.0 16.94 0.0 48.5 0.5
99.34 0.0 60.07 0.0 16.94 0.0 51.0 2.5
99.33 0.0 60.07 0.0 16.94 0.0 48.5 -2.5
99.33 0.0 60.07 0.0 16.94 0.0 51.0 2.5
99.33 0.0 60.07 0.0 16.94 0.0 51.5 0.5
99.33 0.0 60.07 0.0 16.94 0.0 51.0 -0.5
99.33 0.0 60.07 0.0 16.94 0.0 51.5 0.5
99.33 0.0 60.07 0.0 16.94 0.0 52.0 0.5
99.33 0.0 60.07 0.0 16.94 0.0 52.5 0.5
99.33 0.0 60.07 0.0 16.94 0.0 52.0 -0.5
99.33 0.0 59.92 0.0 16.94 0.0 51.5 -0.5
99.33 0.0 60.01 0.09 16.94 0.0 51.0 -0.5
99.33 0.0 60.1 0.0 16.94 0.0 51.5 0.5
99.33 0.0 60.13 0.03 16.94 0.0 51.0 -0.5
99.33 0.0 60.14 0.01 16.94 0.0 51.5 0.5
99.33 0.0 60.33 0.0 16.94 0.0 51.0 -0.5
99.33 0.0 60.34 0.01 16.94 0.0 50.5 -0.5
99.33 0.0 60.37 0.0 16.94 0.0 49.5 -1.0
99.33 0.0 60.37 0.0 16.94 0.0 49.0 -0.5
99.33 0.0 60.38 0.0 16.94 0.0 48.5 -0.5
99.33 0.0 60.38 0.0 16.94 0.0 48.0 -0.5
99.33 0.0 60.39 0.0 16.94 0.0 47.5 -0.5
99.33 0.0 60.39 0.0 16.94 0.0 46.5 -1.0
99.33 0.0 60.73 0.0 16.94 0.0 48.0 1.5
99.33 0.0 60.73 0.0 16.94 0.0 49.0 1.0
99.33 0.0 60.89 0.16 16.94 0.0 49.5 0.5
99.33 0.0 60.95 0.06 16.94 0.0 51.5 2.0
99.33 0.0 60.95 0.0 16.94 0.0 52.0 0.5
99.33 0.0 61.9 0.01 16.94 0.0 51.5 -0.5
99.33 0.0 61.95 0.05 16.94 0.0 51.0 -0.5
99.33 0.0 61.98 0.03 16.94 0.0 51.5 0.5
99.33 0.0 61.98 0.0 16.94 0.0 51.0 -0.5
99.33 0.0 61.98 0.0 16.94 0.0 51.5 0.5
99.33 0.0 61.98 0.0 16.94 0.0 52.0 0.5
99.33 0.0 61.98 0.0 16.94 0.0 51.0 -1.0
99.33 0.0 61.97 0.0 16.94 0.0 50.0 -1.0
99.33 0.0 61.97 0.0 17.23 0.0 49.0 -1.0
99.33 0.0 61.97 0.0 17.38 0.15 50.0 1.0
99.33 0.0 61.97 0.0 22.39 0.08 49.0 -1.0
99.33 0.0 61.97 0.0 22.5 0.11 48.0 -1.0
99.33 0.0 61.97 0.0 22.83 0.0 47.0 -1.0
99.33 0.0 61.97 0.0 22.97 0.04 45.5 -1.5
99.33 0.0 61.97 0.0 22.97 0.0 45.0 -0.5
99.33 0.0 61.97 0.0 23.16 0.19 44.5 -0.5
99.33 0.0 61.97 0.0 23.16 0.0 43.5 -1.0
99.33 0.0 61.97 0.0 23.16 0.0 43.0 -0.5
99.33 0.0 61.97 0.0 23.16 0.0 42.0 -1.0
99.33 0.0 61.97 0.0 23.16 0.0 40.5 -1.5
99.33 0.0 61.97 0.0 23.2 0.04 40.0 -0.5
99.33 0.0 61.97 0.0 23.2 0.0 39.5 -0.5
99.33 0.0 61.97 0.0 23.22 0.0 39.0 -0.5
99.33 0.0 61.97 0.0 23.22 0.0 38.5 -0.5
99.33 0.0 61.97 0.0 23.22 0.0 38.0 -0.5
99.33 0.0 61.97 0.0 23.3 0.0 37.5 -0.5
99.33 0.0 61.97 0.0 23.3 0.0 36.5 -1.0
99.33 0.0 61.97 0.0 23.38 0.0 36.0 -0.5
99.33 0.0 61.97 0.0 23.47 0.0 35.5 -0.5
99.33 0.0 61.97 0.0 23.72 0.0 35.0 -0.5
99.33 0.0 61.97 0.0 23.94 0.0 35.5 0.5
99.33 0.0 61.97 0.0 23.94 0.0 35.0 -0.5
99.33 0.0 61.97 0.0 23.94 0.0 34.5 -0.5
99.33 0.0 61.97 0.0 23.99 0.0 35.0 0.5
99.33 0.0 61.97 0.0 23.99 0.0 34.5 -0.5
99.33 0.0 61.97 0.0 23.99 0.0 35.5 1.0
99.33 0.0 61.97 0.0 23.99 0.0 34.5 -1.0
99.33 0.0 61.97 0.0 23.99 0.0 34.0 -0.5
97.16 66.26 97.16 52.4 30.93 -13.83 92.0 4.0
97.16 0.0 97.16 0.0 97.16 66.23 93.0 1.0
44.76 -52.4 44.76 -52.4 44.76 -52.4 92.0 -1.0
97.16 53.09 97.16 0.0 97.16 66.23 88.0 -4.0
30.93 0.0 97.16 0.0 97.16 66.23 86.0 -2.0
97.16 66.23 37.54 -59.62 30.93 -66.23 85.0 -1.0
97.16 0.0 97.16 59.62 37.54 0.0 86.0 1.0
30.93 -66.23 97.16 58.87 30.93 0.0 88.0 2.0
97.16 66.23 97.16 0.0 30.93 0.0 86.0 -2.0
38.56 -58.6 97.16 0.0 30.93 -66.23 85.0 -1.0
97.16 0.0 97.16 58.6 30.93 -7.63 83.0 -2.0
30.93 -66.23 38.56 -58.6 38.56 7.63 79.5 -3.5
30.93 0.0 97.16 58.6 97.16 58.6 79.0 -0.5
97.16 58.6 38.56 -58.6 38.56 -58.6 78.5 -0.5
38.56 -58.6 38.56 0.0 38.56 0.0 78.0 -0.5
30.93 -7.63 97.16 58.6 97.16 58.6 75.0 -3.0
38.56 -58.6 97.16 58.6 97.16 58.6 74.5 -0.5
38.56 0.0 97.16 0.0 30.93 -66.23 71.5 -3.0
97.16 0.0 97.16 0.0 97.16 0.0 71.0 -0.5
38.56 -58.6 97.16 0.0 38.56 -58.6 71.5 0.5
97.16 66.23 97.16 58.6 97.16 58.6 74.0 2.5
97.16 0.0 38.56 -58.6 30.93 -66.23 74.5 0.5
30.93 -66.23 97.16 58.6 97.16 66.23 75.0 0.5
38.56 -58.6 97.16 0.0 97.16 0.0 87.5 12.5
30.93 -7.63 97.16 0.0 97.16 0.0 92.0 4.5
97.16 66.23 38.56 -58.6 30.93 -66.23 93.0 1.0
97.66 59.1 97.66 0.23 30.93 -66.5 93.5 0.5
30.93 -66.73 97.78 0.12 38.56 7.63 94.5 1.0
97.78 0.0 97.78 0.0 30.93 -66.85 95.0 0.5
97.78 66.85 97.78 0.0 97.83 0.05 97.5 2.5
30.93 0.0 97.97 59.41 30.93 0.0 96.0 -1.5
98.65 67.72 99.91 1.94 99.91 68.98 95.0 -1.0
100.02 1.37 100.02 0.11 100.02 0.11 94.5 -0.5
38.56 -61.47 100.03 61.47 30.93 -7.63 93.5 -1.0
38.56 -61.48 38.56 0.0 38.56 0.0 93.0 -0.5
100.07 69.14 100.07 0.0 30.93 -69.14 75.0 -18.0
100.07 0.0 100.07 0.0 100.07 69.14 71.0 -4.0
100.07 0.0 38.56 -61.51 30.93 -69.14 70.0 -1.0
30.93 -69.14 38.56 0.0 38.56 7.63 69.0 -1.0
38.56 7.63 38.56 0.0 30.93 -7.63 68.0 -1.0
30.93 -7.63 100.07 61.51 100.07 69.14 67.0 -1.0
100.07 69.14 100.07 0.0 100.07 0.0 66.0 -1.0
30.93 -69.14 100.07 0.0 100.07 69.14 65.5 -0.5
30.93 0.0 100.07 0.0 100.07 0.0 65.0 -0.5
100.07 69.14 100.07 61.51 100.07 61.51 64.0 -1.0
100.07 69.14 38.56 -61.51 30.93 -69.14 63.5 -0.5
38.56 -61.51 100.07 0.0 30.93 -69.14 63.0 -0.5
45.85 0.0 94.59 0.0 64.99 0.0 170.5 -0.5
45.85 0.0 87.04 -7.55 64.99 0.0 168.0 -2.5
45.85 0.0 86.35 -0.03 64.99 0.0 166.0 -2.0
45.85 0.0 86.34 -0.01 64.99 0.0 158.0 -8.0
45.85 0.0 82.7 -0.1 64.99 0.0 157.0 -1.0
45.85 0.0 82.66 -0.04 64.99 0.0 156.0 -1.0
45.85 0.0 82.66 0.0 64.99 0.0 157.0 1.0
36.62 -1.78 82.66 0.0 64.99 0.0 156.0 -1.0
32.9 -3.72 82.66 0.0 64.99 0.0 152.0 -4.0
29.16 -3.74 82.66 0.0 64.99 0.0 151.5 -0.5
29.16 0.0 82.66 0.0 64.99 0.0 151.0 -0.5
25.18 -3.93 82.66 0.0 64.99 0.0 146.0 -5.0
25.1 -0.08 82.66 0.0 64.99 0.0 143.0 -3.0
34.17 9.01 82.66 0.0 64.99 0.0 146.0 3.0
35.27 1.1 82.66 0.0 64.99 0.0 147.0 1.0
35.27 0.0 82.66 0.0 64.99 0.0 151.0 4.0
39.58 4.31 82.66 0.0 64.99 0.0 151.5 0.5
48.21 6.98 82.66 0.0 64.99 0.0 151.0 -0.5
48.21 0.0 82.66 0.0 64.99 0.0 147.0 -4.0
48.2 -0.01 82.66 0.0 64.99 0.0 146.0 -1.0
56.15 7.95 82.66 0.0 64.99 0.0 142.0 -4.0
56.21 0.06 82.66 0.0 64.99 0.0 139.0 -3.0
61.61 4.78 82.66 0.0 64.99 0.0 138.0 -1.0
75.09 3.73 82.66 0.0 64.99 0.0 135.0 -3.0
80.79 0.1 82.66 0.0 64.99 0.0 133.5 -1.5
80.79 0.0 82.66 0.0 64.99 0.0 133.0 -0.5
87.44 0.0 82.66 0.0 64.99 0.0 130.0 -3.0
89.23 1.79 82.66 0.0 64.99 0.0 126.5 -3.5
89.37 0.14 82.66 0.0 64.99 0.0 125.5 -1.0
89.36 -0.01 82.66 0.0 64.99 0.0 124.0 -1.5
94.08 4.72 82.66 0.0 64.99 0.0 125.5 1.5
96.34 2.26 82.66 0.0 64.99 0.0 126.5 1.0
100.22 2.25 82.66 0.0 64.99 0.0 125.5 -1.0
100.99 0.0 82.66 0.0 64.99 0.0 126.5 1.0
100.99 0.0 82.66 0.0 64.99 0.0 132.5 6.0
100.99 0.0 82.66 0.0 64.99 0.0 133.0 0.5
100.99 0.0 82.66 0.0 64.99 0.0 135.0 2.0
100.99 0.0 82.66 0.0 64.99 0.0 136.5 1.5
100.99 0.0 82.66 0.0 64.99 0.0 137.0 0.5
100.99 0.0 82.64 -0.02 64.99 0.0 138.0 1.0
100.99 0.0 81.14 0.0 64.99 0.0 142.0 4.0
100.99 0.0 69.44 -4.36 64.99 0.0 141.0 -1.0
100.99 0.0 68.26 -1.18 64.99 0.0 142.0 1.0
100.99 0.0 66.46 -0.3 64.99 0.0 141.0 -1.0
100.99 0.0 66.46 0.0 64.99 0.0 138.0 -3.0
100.99 0.0 64.78 0.0 64.99 0.0 126.0 -12.0
100.99 0.0 60.62 -2.34 64.99 0.0 138.0 12.0
100.99 0.0 60.62 0.0 64.99 0.0 126.0 -12.0
100.99 0.0 60.62 0.0 64.99 0.0 87.5 -38.5
100.99 0.0 60.62 0.0 64.99 0.0 87.0 -0.5
100.99 0.0 60.62 0.0 64.99 0.0 86.0 -1.0
100.99 0.0 60.61 0.0 64.99 0.0 77.0 -9.0
100.99 0.0 60.61 0.0 64.99 0.0 75.5 -1.5
100.99 0.0 60.61 0.0 64.99 0.0 75.0 -0.5
100.99 0.0 60.61 0.0 64.99 0.0 73.5 -1.5
100.99 0.0 60.61 0.0 64.99 0.0 36.0 -37.5
100.99 0.0 60.61 0.0 64.99 0.0 35.0 -1.0
100.99 0.0 60.62 0.0 64.99 0.0 36.0 1.0
100.99 0.0 60.62 0.0 64.99 0.0 37.0 1.0
100.99 0.0 60.62 0.0 64.99 0.0 38.0 1.0
100.99 0.0 60.62 0.0 64.99 0.0 39.0 1.0
100.99 0.0 60.62 0.0 64.99 0.0 40.0 1.0
101.01 0.0 60.62 0.0 65.13 0.0 41.0 1.0
101.01 0.0 60.62 0.0 68.13 0.0 42.0 1.0
101.01 0.0 60.62 0.0 68.13 0.0 43.0 1.0
101.01 0.0 60.62 0.0 68.13 0.0 44.0 1.0
101.01 0.0 60.62 0.0 67.32 -0.8 46.0 2.0
101.01 0.0 60.62 0.0 66.37 -0.32 47.0 1.0
101.01 0.0 60.62 0.0 66.28 -0.06 48.0 1.0
101.01 0.0 60.62 0.0 66.18 -0.02 49.0 1.0
101.01 0.0 60.62 0.0 65.79 0.0 50.0 1.0
101.01 0.0 60.62 0.0 65.79 0.0 51.0 1.0
101.01 0.0 60.62 0.0 65.66 -0.05 52.0 1.0
101.01 0.0 60.62 0.0 65.66 0.0 53.0 1.0
101.01 0.0 60.62 0.0 64.69 -0.63 54.0 1.0
100.99 0.0 60.62 0.0 64.17 0.0 53.0 -1.0
100.99 0.0 60.62 0.0 64.16 -0.01 52.0 -1.0
100.99 0.0 60.62 0.0 64.03 0.0 51.0 -1.0
100.99 0.0 60.62 0.0 63.76 0.0 50.0 -1.0
100.99 0.0 60.62 0.0 63.76 0.0 49.0 -1.0
100.99 0.0 60.62 0.0 63.72 -0.04 48.0 -1.0
100.99 0.0 60.62 0.0 63.72 0.0 47.0 -1.0
100.99 0.0 60.62 0.0 63.36 0.0 46.0 -1.0
100.99 0.0 60.62 0.0 63.36 0.0 47.0 1.0
100.99 0.0 60.62 0.0 63.23 -0.13 46.0 -1.0
100.99 0.0 60.62 0.0 62.51 -0.02 45.0 -1.0
100.99 0.0 60.62 0.0 62.51 0.0 43.0 -2.0
100.99 0.0 60.62 0.0 62.51 0.0 42.0 -1.0
101.01 0.02 60.62 0.0 62.51 0.0 41.5 -0.5
101.01 0.0 60.62 0.0 62.51 0.0 41.0 -0.5
100.99 0.0 60.62 0.0 62.51 0.0 40.5 -0.5
100.99 0.0 60.62 0.0 62.51 0.0 41.0 0.5
100.99 0.0 60.62 0.0 62.51 0.0 40.5 -0.5
100.99 0.0 60.62 0.0 62.51 0.0 40.0 -0.5
10.81 0.0 1.04 0.0 55.69 0.0 84.0 1.0
10.81 0.0 1.04 0.0 55.69 0.0 83.0 -1.0
10.81 0.0 1.04 0.0 55.69 0.0 84.0 1.0
10.81 0.0 1.15 0.09 55.69 0.0 85.0 1.0
10.81 0.0 22.04 1.58 55.69 0.0 86.0 1.0
10.81 0.0 27.84 5.77 55.69 0.0 87.0 1.0
10.81 0.0 40.08 0.0 55.69 0.0 90.5 3.5
10.81 0.0 64.39 2.73 55.69 0.0 92.0 1.5
10.81 0.0 66.09 1.7 55.69 0.0 90.5 -1.5
10.81 0.0 66.09 0.0 55.69 0.0 92.0 1.5
10.81 0.0 66.65 0.56 55.69 0.0 93.0 1.0
10.81 0.0 70.84 4.19 55.69 0.0 93.5 0.5
10.81 0.0 71.53 0.0 55.69 0.0 94.0 0.5
10.81 0.0 74.23 2.7 55.69 0.0 97.5 3.5
10.81 0.0 75.96 1.73 55.69 0.0 105.0 7.5
10.81 0.0 75.96 0.0 55.69 0.0 105.5 0.5
10.81 0.0 78.49 0.74 55.69 0.0 109.0 3.5
10.81 0.0 78.49 0.0 55.69 0.0 109.5 0.5
10.81 0.0 78.57 0.08 55.69 0.0 117.0 7.5
10.81 0.0 80.44 1.87 55.69 0.0 124.0 7.0
10.81 0.0 80.44 0.0 55.69 0.0 124.5 0.5
10.81 0.0 83.38 2.94 55.69 0.0 135.0 10.5
10.81 0.0 83.41 0.03 55.69 0.0 138.0 3.0
10.81 0.0 84.31 0.13 55.69 0.0 145.0 7.0
10.81 0.0 84.31 0.0 55.69 0.0 150.0 5.0
10.81 0.0 86.69 2.38 55.69 0.0 163.5 13.5
10.81 0.0 86.72 0.0 55.69 0.0 150.0 -13.5
10.81 0.0 88.62 0.71 55.69 0.0 138.0 -12.0
10.81 0.0 88.62 0.0 55.69 0.0 150.0 12.0
10.81 0.0 88.81 0.19 55.69 0.0 163.5 13.5
10.81 0.0 89.41 0.6 55.69 0.0 165.0 1.5
10.81 0.0 93.21 0.0 55.69 0.0 163.5 -1.5
10.81 0.0 93.21 0.0 55.69 0.0 157.0 -6.5
10.81 0.0 93.21 0.0 55.69 0.0 152.5 -4.5
10.81 0.0 93.21 0.0 55.69 0.0 131.0 -21.5
10.81 0.0 93.21 0.0 55.62 -0.07 124.5 -6.5
10.81 0.0 93.21 0.0 53.34 -2.28 123.0 -1.5
10.81 0.0 93.21 0.0 48.9 -4.44 109.0 -14.0
10.81 0.0 93.21 0.0 48.88 -0.02 108.0 -1.0
10.81 0.0 93.21 0.0 48.88 0.0 107.0 -1.0
10.81 0.0 93.21 0.0 10.81 -38.07 106.0 -1.0
10.81 0.0 93.21 0.0 56.32 45.51 105.5 -0.5
10.81 0.0 93.21 0.0 57.96 0.0 103.5 -2.0
10.81 0.0 93.21 0.0 57.96 0.0 98.0 -5.5
10.81 0.0 93.21 0.0 60.97 3.01 96.0 -2.0
10.81 0.0 93.21 0.0 60.97 0.0 98.0 2.0
10.81 0.0 93.21 0.0 60.97 0.0 100.0 2.0
10.81 0.0 93.21 0.0 62.81 0.0 99.5 -0.5
10.81 0.0 93.21 0.0 63.03 0.0 98.0 -1.5
10.81 0.0 93.21 0.0 63.91 0.85 97.5 -0.5
10.81 0.0 93.21 0.0 63.91 0.0 97.0 -0.5
10.81 0.0 93.21 0.0 63.91 0.0 94.0 -3.0
10.81 0.0 93.21 0.0 65.16 1.25 92.5 -1.5
10.81 0.0 93.21 0.0 65.32 0.0 91.5 -1.0
10.81 0.0 93.21 0.0 65.46 0.14 90.0 -1.5
10.81 0.0 93.21 0.0 65.46 0.0 91.5 1.5
10.81 0.0 93.21 0.0 65.63 0.02 92.5 1.0
10.81 0.0 93.21 0.0 65.64 0.01 94.0 1.5
10.81 0.0 93.21 0.0 65.64 0.0 97.0 3.0
10.81 0.0 93.21 0.0 65.64 0.0 97.5 0.5
10.81 0.0 93.21 0.0 65.72 0.08 98.0 0.5
10.81 0.0 93.21 0.0 65.78 0.06 99.5 1.5
10.81 0.0 93.21 0.0 65.78 0.0 100.0 0.5
10.81 0.0 93.21 0.0 65.84 0.04 100.5 0.5
10.81 0.0 93.21 0.0 65.89 0.05 102.0 1.5
10.81 0.0 93.21 0.0 65.92 0.03 102.5 0.5
10.81 0.0 93.21 0.0 65.92 0.0 103.5 1.0
10.81 0.0 93.21 0.0 65.92 0.0 195.0 91.5
10.81 0.0 93.21 0.0 65.92 0.0 196.0 1.0
10.81 0.0 94.81 0.0 65.92 0.0 195.0 -1.0
10.81 0.0 94.81 0.0 65.92 0.0 193.0 -2.0
10.81 0.0 94.81 0.0 65.92 0.0 82.0 -111.0
10.81 0.0 94.81 0.0 65.92 0.0 80.0 -2.0
10.81 0.0 94.81 0.0 65.92 0.0 79.0 -1.0
10.81 0.0 94.81 0.0 65.92 0.0 74.0 -5.0
10.81 0.0 94.81 0.0 65.92 0.0 73.0 -1.0
10.81 0.0 94.81 0.0 65.92 0.0 72.0 -1.0
10.81 0.0 94.81 0.0 65.92 0.0 70.0 -2.0
10.81 0.0 94.81 0.0 65.92 0.0 69.0 -1.0
10.81 0.0 94.81 0.0 65.92 0.0 66.0 -3.0
10.81 0.0 94.81 0.0 65.92 0.0 65.5 -0.5
10.81 0.0 94.81 0.0 65.92 0.0 65.0 -0.5
10.81 0.0 94.81 0.0 65.92 0.0 64.0 -1.0
10.81 0.0 94.81 0.0 65.92 0.0 63.5 -0.5
10.81 0.0 94.81 0.0 65.92 0.0 63.0 -0.5
10.81 0.0 94.81 0.0 65.92 0.0 62.0 -1.0
10.81 0.0 94.81 0.0 65.92 0.0 61.0 -1.0
10.81 0.0 94.81 0.0 65.92 0.0 60.5 -0.5
10.81 0.0 94.81 0.0 65.92 0.0 60.0 -0.5
10.81 0.0 94.81 0.0 65.92 0.0 59.5 -0.5
10.81 0.0 94.81 0.0 65.92 0.0 59.0 -0.5
10.81 0.0 94.81 0.0 65.92 0.0 58.0 -1.0
10.81 0.0 94.81 0.0 65.92 0.0 57.5 -0.5
10.81 0.0 94.81 0.0 65.92 0.0 57.0 -0.5
10.81 0.0 94.81 0.0 65.92 0.0 56.5 -0.5
10.81 0.0 94.81 0.0 65.92 0.0 56.0 -0.5
10.81 0.0 94.81 0.0 65.92 0.0 55.5 -0.5
10.81 0.0 94.81 0.0 65.92 0.0 55.0 -0.5
10.81 0.0 94.81 0.0 65.92 0.0 54.5 -0.5
10.81 0.0 94.82 0.01 65.92 0.0 54.0 -0.5
10.81 0.0 94.82 0.0 65.92 0.0 53.5 -0.5
10.81 0.0 94.82 0.0 65.92 0.0 53.0 -0.5
10.81 0.0 94.82 0.0 65.92 0.0 52.5 -0.5
10.81 0.0 94.82 0.0 65.92 0.0 52.0 -0.5
10.81 0.0 94.82 0.0 65.92 0.0 51.5 -0.5
10.81 0.0 94.82 0.0 65.92 0.0 51.0 -0.5
10.81 0.0 94.82 0.0 65.92 0.0 50.5 -0.5
10.81 0.0 94.82 0.0 65.89 -0.03 50.0 -0.5
10.81 0.0 94.82 0.0 65.76 -0.08 49.5 -0.5
10.81 0.0 94.82 0.0 65.48 0.0 50.0 0.5
10.81 0.0 97.86 0.09 65.47 0.0 50.5 0.5
10.81 0.0 98.01 0.15 65.47 0.0 51.0 0.5
10.81 0.0 98.01 0.0 65.47 0.0 51.5 0.5
10.81 0.0 98.01 0.0 65.47 0.0 53.0 1.5
10.81 0.0 98.33 0.24 65.47 0.0 54.0 1.0
10.81 0.0 98.33 0.0 65.47 0.0 54.5 0.5
10.81 0.0 98.33 0.0 65.47 0.0 55.0 0.5
10.81 0.0 98.62 0.0 65.47 0.0 56.0 1.0
10.81 0.0 98.66 0.0 65.47 0.0 57.0 1.0
12.35 0.01 98.66 0.0 65.47 0.0 56.0 -1.0
20.84 0.0 98.66 0.0 65.47 0.0 54.0 -2.0
20.84 0.0 98.66 0.0 65.47 0.0 53.0 -1.0
20.85 0.0 98.66 0.0 65.47 0.0 51.0 -2.0
20.85 0.0 98.66 0.0 65.47 0.0 50.5 -0.5
20.85 0.0 98.66 0.0 65.47 0.0 49.5 -1.0
20.85 0.0 98.66 0.0 65.47 0.0 49.0 -0.5
20.85 0.0 98.66 0.0 65.47 0.0 48.0 -1.0
20.85 0.0 98.66 0.0 65.47 0.0 47.5 -0.5
20.85 0.0 98.66 0.0 65.47 0.0 47.0 -0.5
20.85 0.0 98.66 0.0 65.47 0.0 46.5 -0.5
20.85 0.0 98.66 0.0 65.47 0.0 46.0 -0.5
20.85 0.0 98.66 0.0 65.47 0.0 45.5 -0.5
20.85 0.0 98.66 0.0 65.47 0.0 45.0 -0.5
20.85 0.0 98.66 0.0 65.47 0.0 44.5 -0.5
20.85 0.0 98.66 0.0 65.48 0.0 45.5 1.0
20.85 0.0 98.66 0.0 65.48 0.0 45.0 -0.5
20.85 0.0 98.66 0.0 65.48 0.0 45.5 0.5
20.85 0.0 98.66 0.0 65.48 0.0 46.0 0.5
15.56 0.0 45.51 0.0 59.52 0.0 82.5 -0.5
15.56 0.0 45.51 0.0 59.52 0.0 79.0 -3.5
15.56 0.0 45.51 0.0 63.35 3.82 78.0 -1.0
15.56 0.0 45.51 0.0 80.07 2.18 77.0 -1.0
15.56 0.0 45.51 0.0 92.71 0.0 76.0 -1.0
15.56 0.0 45.51 0.0 92.71 0.0 60.0 -16.0
15.56 0.0 45.51 0.0 93.71 0.09 57.5 -2.5
15.56 0.0 45.51 0.0 102.03 1.64 56.0 -1.5
15.56 0.0 45.51 0.0 105.65 0.0 57.5 1.5
15.56 0.0 45.51 0.0 106.19 0.54 58.0 0.5
15.56 0.0 45.51 0.0 112.19 -0.01 60.0 2.0
15.56 0.0 45.51 0.0 123.59 5.84 63.0 3.0
15.56 0.0 45.51 0.0 125.3 0.54 107.0 44.0
15.56 0.0 45.51 0.0 150.46 0.0 108.0 1.0
15.56 0.0 45.51 0.0 149.4 -1.06 107.0 -1.0
15.56 0.0 45.51 0.0 129.64 -6.9 105.0 -2.0
15.56 0.0 45.51 0.0 127.99 -1.65 104.0 -1.0
15.56 0.0 45.51 0.0 124.79 -3.2 66.0 -38.0
15.56 0.0 45.51 0.0 119.5 -5.29 65.0 -1.0
15.56 0.0 45.51 0.0 119.44 -0.06 64.0 -1.0
15.56 0.0 45.51 0.0 112.53 -6.91 63.0 -1.0
15.56 0.0 45.51 0.0 74.32 -5.32 62.0 -1.0
15.56 0.0 45.51 0.0 66.72 -4.84 61.0 -1.0
15.56 0.0 45.51 0.0 62.38 0.0 60.0 -1.0
15.56 0.0 45.51 0.0 62.38 0.0 61.0 1.0
15.56 0.0 45.51 0.0 62.38 0.0 62.0 1.0
15.56 0.0 45.51 0.0 62.38 0.0 63.0 1.0
15.56 0.0 54.06 -0.61 62.38 0.0 63.5 0.5
15.56 0.0 45.39 0.0 62.38 0.0 64.0 0.5
15.56 0.0 45.12 -0.09 62.38 0.0 66.0 2.0
15.56 0.0 43.56 -0.05 62.38 0.0 64.0 -2.0
15.56 0.0 38.02 -0.17 62.38 0.0 63.5 -0.5
15.56 0.0 38.55 0.53 62.38 0.0 64.0 0.5
15.56 0.0 58.63 0.0 62.38 0.0 66.0 2.0
15.56 0.0 64.98 6.35 62.38 0.0 67.0 1.0
15.56 0.0 67.12 2.14 62.38 0.0 68.0 1.0
15.56 0.0 67.12 0.0 62.38 0.0 69.0 1.0
15.56 0.0 91.02 1.68 62.38 0.0 70.0 1.0
15.56 0.0 91.74 0.0 62.38 0.0 71.0 1.0
15.56 0.0 92.27 0.53 62.38 0.0 72.0 1.0
15.56 0.0 93.69 0.71 62.38 0.0 75.0 3.0
15.56 0.0 93.69 0.0 62.38 0.0 76.5 1.5
15.56 0.0 93.69 0.0 62.38 0.0 78.0 1.5
15.56 0.0 95.63 0.03 62.38 0.0 76.5 -1.5
15.56 0.0 95.63 0.0 62.38 0.0 75.0 -1.5
15.56 0.0 95.77 0.0 62.38 0.0 71.0 -4.0
15.56 0.0 95.77 0.0 62.38 0.0 69.0 -2.0
15.56 0.0 95.77 0.0 62.38 0.0 66.0 -3.0
15.56 0.0 95.77 0.0 62.38 0.0 64.0 -2.0
15.56 0.0 95.8 0.03 62.38 0.0 55.0 -9.0
15.56 0.0 95.88 0.08 62.38 0.0 53.0 -2.0
15.56 0.0 95.91 0.03 62.38 0.0 51.0 -2.0
15.56 0.0 95.91 0.0 62.38 0.0 49.0 -2.0
15.56 0.0 95.91 0.0 62.38 0.0 48.0 -1.0
15.56 0.0 95.91 0.0 62.38 0.0 47.0 -1.0
15.56 0.0 95.91 0.0 62.38 0.0 46.0 -1.0
15.56 0.0 97.62 1.68 62.38 0.0 44.0 -2.0
15.56 0.0 98.47 0.0 62.38 0.0 52.0 8.0
15.56 0.0 98.47 0.0 62.38 0.0 53.0 1.0
15.56 0.0 98.47 0.0 62.38 0.0 54.0 1.0
13.39 0.0 98.47 0.0 62.38 0.0 55.0 1.0
19.29 0.27 98.47 0.0 62.38 0.0 54.0 -1.0
20.13 0.0 98.47 0.0 62.38 0.0 53.0 -1.0
21.01 0.0 98.47 0.0 62.38 0.0 52.0 -1.0
23.79 0.0 98.47 0.0 62.38 0.0 51.0 -1.0
23.79 0.0 98.47 0.0 62.38 0.0 50.0 -1.0
23.79 0.0 98.47 0.0 62.38 0.0 49.5 -0.5
23.79 0.0 98.47 0.0 62.38 0.0 49.0 -0.5
23.79 0.0 98.47 0.0 62.38 0.0 48.0 -1.0
23.79 0.0 98.47 0.0 62.38 0.0 35.0 -13.0
23.79 0.0 98.47 0.0 62.38 0.0 33.5 -1.5
23.79 0.0 98.47 0.0 62.38 0.0 33.0 -0.5
23.79 0.0 98.47 0.0 62.38 0.0 32.5 -0.5
23.79 0.0 98.47 0.0 62.38 0.0 31.5 -1.0
23.79 0.0 98.47 0.0 62.38 0.0 31.0 -0.5
23.79 0.0 98.47 0.0 62.38 0.0 30.5 -0.5
23.79 0.0 98.47 0.0 62.31 -0.07 29.5 -1.0
23.79 0.0 98.47 0.0 62.08 -0.11 29.0 -0.5
23.79 0.0 98.47 0.0 62.08 0.0 29.5 0.5
23.79 0.0 98.47 0.0 61.63 0.0 30.0 0.5
23.79 0.0 98.47 0.0 61.63 0.0 30.5 0.5
23.79 0.0 98.47 0.0 61.19 -0.11 31.0 0.5
23.79 0.0 98.47 0.0 61.14 -0.05 31.5 0.5
23.79 0.0 98.47 0.0 61.08 -0.06 32.0 0.5
23.79 0.0 98.47 0.0 60.92 -0.03 32.5 0.5
23.79 0.0 98.47 0.0 60.92 0.0 33.0 0.5
23.79 0.0 98.47 0.0 60.78 -0.03 33.5 0.5
23.79 0.0 98.47 0.0 60.69 -0.09 34.5 1.0
23.79 0.0 98.47 0.0 60.61 -0.08 35.0 0.5
23.79 0.0 98.47 0.0 60.61 0.0 35.5 0.5
23.79 0.0 98.47 0.0 60.61 0.0 36.0 0.5
23.79 0.0 98.47 0.0 59.65 -0.04 37.0 1.0
23.79 0.0 98.47 0.0 59.65 0.0 37.5 0.5
23.79 0.0 98.47 0.0 59.65 0.0 39.0 1.5
23.79 0.0 98.47 0.0 59.64 -0.01 40.5 1.5
23.79 0.0 98.47 0.0 59.64 0.0 42.0 1.5
23.79 0.0 98.47 0.0 59.64 0.0 42.5 0.5
23.79 0.0 98.47 0.0 59.64 0.0 43.5 1.0
23.79 0.0 98.47 0.0 59.64 0.0 47.5 4.0
23.79 0.0 98.47 0.0 59.64 0.0 48.0 0.5
23.79 0.0 98.47 0.0 59.64 0.0 49.0 1.0
23.79 0.0 98.47 0.0 59.64 0.0 50.0 1.0
23.79 0.0 98.47 0.0 59.64 0.0 51.0 1.0
23.79 0.0 98.47 0.0 59.64 0.0 52.0 1.0
23.79 0.0 98.47 0.0 59.64 0.0 53.0 1.0
23.79 0.0 98.47 0.0 59.64 0.0 54.0 1.0
23.79 0.0 98.47 0.0 59.64 0.0 55.0 1.0
23.79 0.0 98.47 0.0 59.64 0.0 56.0 1.0
23.79 0.0 98.47 0.0 59.64 0.0 57.0 1.0
23.8 0.0 98.47 0.0 59.64 0.0 58.0 1.0
23.8 0.0 98.47 0.0 59.64 0.0 59.0 1.0
28.84 0.0 98.47 0.0 59.64 0.0 60.0 1.0
28.23 -0.2 98.47 0.0 59.64 0.0 61.0 1.0
27.84 -0.35 98.47 0.0 59.64 0.0 62.0 1.0
27.78 0.0 98.47 0.0 59.64 0.0 63.0 1.0
27.7 -0.08 98.47 0.0 59.64 0.0 64.0 1.0
27.41 0.01 98.47 0.0 59.64 0.0 90.5 26.5
27.21 -0.18 98.47 0.0 59.64 0.0 91.0 0.5
26.89 0.0 98.47 0.0 59.64 0.0 91.5 0.5
25.91 -0.13 98.47 0.0 59.64 0.0 92.0 0.5
25.61 -0.23 98.47 0.0 59.64 0.0 92.5 0.5
25.54 -0.07 98.47 0.0 59.64 0.0 93.5 1.0
25.54 0.0 98.47 0.0 59.64 0.0 94.0 0.5
25.55 0.01 98.47 0.0 59.64 0.0 95.0 1.0
23.36 0.0 98.47 0.0 59.64 0.0 94.0 -1.0
23.36 0.0 98.47 0.0 59.64 0.0 93.5 -0.5
23.2 -0.16 98.47 0.0 59.64 0.0 92.5 -1.0
23.14 0.0 98.47 0.0 59.64 0.0 92.0 -0.5
22.91 0.0 98.47 0.0 59.64 0.0 91.5 -0.5
22.6 -0.02 98.47 0.0 59.64 0.0 77.0 -14.5
22.6 0.0 98.47 0.0 59.64 0.0 66.0 -11.0
22.61 0.01 98.47 0.0 59.64 0.0 65.0 -1.0
22.36 0.0 98.47 0.0 59.64 0.0 64.0 -1.0
21.48 0.0 98.47 0.0 59.64 0.0 63.0 -1.0
21.4 -0.08 98.47 0.0 59.64 0.0 62.0 -1.0
20.71 -0.05 98.47 0.0 59.64 0.0 61.0 -1.0
19.93 -0.77 98.47 0.0 59.64 0.0 60.0 -1.0
19.88 0.0 98.47 0.0 59.64 0.0 59.0 -1.0
19.04 0.0 98.47 0.0 59.64 0.0 58.0 -1.0
19.04 0.0 98.47 0.0 59.64 0.0 59.0 1.0
18.37 -0.67 98.47 0.0 59.64 0.0 58.0 -1.0
18.31 0.0 98.47 0.0 59.64 0.0 59.0 1.0
18.21 0.0 98.47 0.0 59.64 0.0 60.0 1.0
18.21 0.0 98.47 0.0 59.64 0.0 61.0 1.0
18.21 0.0 98.47 0.0 59.64 0.0 61.5 0.5
18.21 0.0 98.47 0.0 59.64 0.0 62.0 0.5
18.21 0.0 98.47 0.0 59.64 0.0 63.0 1.0
18.21 0.0 98.47 0.0 59.64 0.0 63.5 0.5
58.37 0.0 95.88 0.0 94.66 0.0 65.0 1.0
58.37 0.0 95.88 0.0 94.66 0.0 66.0 1.0
61.42 1.92 95.88 0.0 94.66 0.0 65.0 -1.0
61.98 0.02 95.88 0.0 94.66 0.0 66.0 1.0
69.25 0.7 95.88 0.0 94.66 0.0 66.5 0.5
91.5 0.0 95.88 0.0 94.66 0.0 78.0 11.5
91.56 0.06 95.88 0.0 94.66 0.0 78.5 0.5
92.79 1.23 95.88 0.0 94.66 0.0 81.0 2.5
93.54 0.0 95.88 0.0 94.66 0.0 78.5 -2.5
93.54 0.0 95.87 -0.01 94.66 0.0 78.0 -0.5
93.54 0.0 101.82 5.95 94.66 0.0 71.0 -7.0
93.54 0.0 91.74 -2.88 94.66 0.0 69.0 -2.0
93.54 0.0 81.39 -3.4 94.66 0.0 68.0 -1.0
93.54 0.0 72.63 -2.29 94.66 0.0 71.0 3.0
93.54 0.0 67.34 -0.13 94.66 0.0 72.0 1.0
93.54 0.0 65.14 -0.03 94.66 0.0 71.0 -1.0
93.54 0.0 65.14 0.0 94.66 0.0 57.0 -14.0
93.54 0.0 65.14 0.0 94.66 0.0 55.5 -1.5
93.54 0.0 65.14 0.0 94.66 0.0 50.5 -5.0
93.54 0.0 65.03 -0.08 94.66 0.0 45.0 -5.5
93.54 0.0 63.58 -1.33 94.66 0.0 46.0 1.0
93.54 0.0 61.13 0.0 94.66 0.0 47.0 1.0
93.54 0.0 61.13 0.0 94.66 0.0 48.0 1.0
93.54 0.0 61.13 0.0 94.66 0.0 49.0 1.0
93.54 0.0 61.13 0.0 94.66 0.0 55.0 6.0
93.54 0.0 61.13 0.0 94.66 0.0 56.0 1.0
93.54 0.0 61.13 0.0 94.66 0.0 57.0 1.0
96.31 0.0 61.13 0.0 94.66 0.0 58.0 1.0
96.31 0.0 61.13 0.0 94.66 0.0 59.0 1.0
96.31 0.0 61.13 0.0 90.72 -0.01 60.0 1.0
96.31 0.0 61.13 0.0 92.89 0.11 61.0 1.0
96.31 0.0 61.13 0.0 98.41 0.0 60.0 -1.0
96.31 0.0 61.13 0.0 98.41 0.0 59.0 -1.0
96.31 0.0 61.13 0.0 99.01 0.0 58.0 -1.0
96.31 0.0 61.13 0.0 99.89 0.0 57.0 -1.0
96.31 0.0 61.13 0.0 102.96 2.17 56.0 -1.0
96.31 0.0 61.13 0.0 102.99 0.0 55.0 -1.0
96.31 0.0 61.13 0.0 102.99 0.0 54.0 -1.0
20.41 0.0 47.64 0.0 31.89 0.0 127.0 1.0
20.42 0.0 66.24 6.91 31.89 0.0 128.0 1.0
20.42 0.0 118.12 10.09 31.89 0.0 127.0 -1.0
20.42 0.0 124.54 6.37 31.89 0.0 124.0 -3.0
20.42 0.0 128.8 4.26 31.89 0.0 127.0 3.0
20.42 0.0 137.83 9.02 31.89 0.0 124.0 -3.0
20.42 0.0 150.47 0.37 31.89 0.0 117.5 -6.5
20.42 0.0 150.47 0.0 31.89 0.0 117.0 -0.5
20.42 0.0 150.47 0.0 31.89 0.0 113.5 -3.5
20.42 0.0 150.47 0.0 31.89 0.0 113.0 -0.5
20.42 0.0 150.47 0.0 31.89 0.0 108.0 -5.0
20.42 0.0 150.47 0.0 31.89 0.0 106.0 -2.0
20.42 0.0 150.47 0.0 31.89 0.0 105.0 -1.0
20.42 0.0 150.47 0.0 31.89 0.0 104.0 -1.0
20.42 0.0 150.47 0.0 31.89 0.0 102.0 -2.0
20.42 0.0 150.47 0.0 31.89 0.0 99.0 -3.0
20.42 0.0 150.47 0.0 31.89 0.0 96.0 -3.0
20.42 0.0 150.47 0.0 31.89 0.0 94.0 -2.0
30.41 5.27 150.47 0.0 31.89 0.0 93.0 -1.0
56.82 0.0 150.47 0.0 31.89 0.0 92.0 -1.0
78.01 1.11 150.47 0.0 31.89 0.0 93.0 1.0
82.76 0.0 150.47 0.0 31.89 0.0 94.0 1.0
82.78 0.0 150.47 0.0 31.89 0.0 95.0 1.0
82.78 0.0 150.47 0.0 31.89 0.0 97.0 2.0
82.96 0.18 150.47 0.0 31.89 0.0 111.0 14.0
82.96 0.0 150.47 0.0 31.89 0.0 113.0 2.0
82.96 0.0 150.47 0.0 31.89 0.0 114.0 1.0
83.12 0.05 150.47 0.0 31.89 0.0 115.0 1.0
83.18 0.0 95.34 -1.69 31.89 0.0 114.0 -1.0
83.18 0.0 64.94 0.0 31.89 0.0 113.0 -1.0
83.18 0.0 58.29 0.0 31.89 0.0 114.0 1.0
83.18 0.0 58.29 0.0 31.89 0.0 116.0 2.0
83.18 0.0 58.29 0.0 31.89 0.0 117.0 1.0
83.18 0.0 58.29 0.0 31.89 0.0 119.0 2.0
83.18 0.0 58.29 0.0 31.89 0.0 120.0 1.0
83.18 0.0 58.29 0.0 31.89 0.0 121.0 1.0
93.72 0.0 58.29 0.0 31.89 0.0 120.0 -1.0
97.53 0.0 58.29 0.0 31.89 0.0 119.0 -1.0
97.63 0.0 58.29 0.0 31.89 0.0 118.0 -1.0
97.64 0.01 58.29 0.0 31.89 0.0 117.0 -1.0
97.69 0.05 58.29 0.0 31.89 0.0 104.5 -12.5
97.88 0.19 58.29 0.0 31.89 0.0 104.0 -0.5
97.88 0.0 58.29 0.0 31.89 0.0 102.0 -2.0
97.88 0.0 58.29 0.0 31.89 0.0 101.5 -0.5
97.88 0.0 58.29 0.0 31.89 0.0 86.5 -15.0
97.88 0.0 58.29 0.0 31.89 0.0 80.0 -6.5
97.88 0.0 58.29 0.0 31.89 0.0 76.5 -3.5
97.88 0.0 58.29 0.0 31.89 0.0 76.0 -0.5
97.89 0.01 58.29 0.0 31.89 0.0 74.5 -1.5
97.89 0.0 58.29 0.0 31.89 0.0 73.0 -1.5
97.89 0.0 58.29 0.0 31.89 0.0 69.0 -4.0
97.89 0.0 58.29 0.0 31.89 0.0 65.5 -3.5
97.89 0.0 58.29 0.0 31.89 0.0 65.0 -0.5
97.89 0.0 58.29 0.0 31.89 0.0 64.5 -0.5
98.01 0.12 58.29 0.0 31.89 0.0 63.0 -1.5
98.16 0.15 58.29 0.0 31.89 0.0 62.5 -0.5
98.16 0.0 58.29 0.0 31.89 0.0 60.5 -2.0
98.16 0.0 58.29 0.0 31.89 0.0 60.0 -0.5
98.17 0.01 58.29 0.0 31.89 0.0 59.0 -1.0
98.18 0.01 58.29 0.0 31.89 0.0 58.5 -0.5
98.18 0.0 58.29 0.0 31.89 0.0 57.0 -1.5
98.18 0.0 58.29 0.0 31.89 0.0 56.5 -0.5
98.18 0.0 58.29 0.0 31.89 0.0 55.5 -1.0
98.18 0.0 58.29 0.0 31.89 0.0 55.0 -0.5
98.18 0.0 58.29 0.0 31.89 0.0 54.5 -0.5
98.18 0.0 58.29 0.0 31.89 0.0 54.0 -0.5
98.18 0.0 58.29 0.0 31.89 0.0 53.0 -1.0
98.18 0.0 58.29 0.0 31.89 0.0 52.5 -0.5
98.18 0.0 58.29 0.0 31.89 0.0 52.0 -0.5
98.18 0.0 58.29 0.0 31.89 0.0 51.0 -1.0
98.18 0.0 58.29 0.0 31.89 0.0 49.5 -1.5
98.18 0.0 58.29 0.0 31.89 0.0 49.0 -0.5
140.11 79.85 102.12 -37.99 102.12 0.0 74.0 1.0
140.11 0.0 102.12 0.0 102.12 0.0 73.0 -1.0
60.26 0.0 140.11 0.0 102.12 0.0 74.0 1.0
140.11 0.0 140.11 0.0 102.12 41.86 75.0 1.0
139.69 0.0 49.36 0.0 61.38 0.0 84.0 1.0
139.69 0.0 49.36 0.0 61.38 0.0 85.0 1.0
138.61 -0.03 49.36 0.0 61.38 0.0 85.5 0.5
132.07 -0.04 49.36 0.0 61.38 0.0 86.0 0.5
125.1 -6.97 49.36 0.0 61.38 0.0 86.5 0.5
125.09 -0.01 49.36 0.0 61.38 0.0 87.0 0.5
116.65 0.0 49.36 0.0 61.38 0.0 87.5 0.5
116.65 0.0 49.36 0.0 61.38 0.0 88.0 0.5
108.62 -8.03 49.36 0.0 61.38 0.0 91.0 3.0
105.94 -2.68 49.36 0.0 61.38 0.0 91.5 0.5
99.99 -5.95 49.36 0.0 61.38 0.0 92.5 1.0
99.99 0.0 49.36 0.0 61.38 0.0 97.0 4.5
99.99 0.0 49.36 0.0 61.38 0.0 98.0 1.0
99.83 -0.05 49.36 0.0 61.38 0.0 99.0 1.0
99.78 -0.05 49.36 0.0 61.38 0.0 99.5 0.5
95.37 -4.41 49.36 0.0 61.38 0.0 100.0 0.5
94.81 -0.56 49.36 0.0 61.38 0.0 101.0 1.0
86.87 0.0 49.36 0.0 61.38 0.0 102.0 1.0
86.87 0.0 49.36 0.0 61.38 0.0 107.5 5.5
86.87 0.0 49.36 0.0 61.38 0.0 109.0 1.5
86.87 0.0 49.36 0.0 61.38 0.0 110.0 1.0
86.87 0.0 49.36 0.0 61.38 0.0 113.0 3.0
86.87 0.0 58.28 0.06 61.38 0.0 110.0 -3.0
86.87 0.0 63.06 4.78 61.38 0.0 109.0 -1.0
86.87 0.0 63.69 0.0 61.38 0.0 107.5 -1.5
86.87 0.0 63.69 0.0 61.38 0.0 102.0 -5.5
86.87 0.0 63.96 0.09 61.38 0.0 101.0 -1.0
86.87 0.0 63.96 0.0 61.38 0.0 96.0 -5.0
86.87 0.0 63.96 0.0 61.38 0.0 95.0 -1.0
86.87 0.0 64.01 0.06 61.38 0.0 68.5 -26.5
86.87 0.0 64.02 0.01 61.38 0.0 65.0 -3.5
86.87 0.0 64.12 0.1 61.38 0.0 63.5 -1.5
86.87 0.0 64.12 0.0 61.38 0.0 63.0 -0.5
86.87 0.0 64.29 0.0 61.38 0.0 62.0 -1.0
86.87 0.0 64.61 0.06 61.38 0.0 63.0 1.0
86.87 0.0 64.62 0.0 61.38 0.0 64.0 1.0
84.36 0.05 64.62 0.0 61.38 0.0 65.0 1.0
85.83 0.0 64.62 0.0 61.38 0.0 66.0 1.0
86.36 0.15 64.62 0.0 61.38 0.0 65.0 -1.0
86.36 0.0 64.62 0.0 61.28 0.0 64.0 -1.0
86.36 0.0 64.62 0.0 61.28 0.0 63.0 -1.0
86.36 0.0 64.62 0.0 61.75 0.0 62.0 -1.0
86.36 0.0 64.62 0.0 61.87 -1.75 63.0 1.0
86.36 0.0 64.62 0.0 61.71 0.0 62.0 -1.0
33.23 0.0 21.6 -91.42 33.23 0.0 78.0 0.5
33.23 0.0 21.6 -85.43 21.6 0.0 78.5 0.5
33.23 0.0 21.6 -78.94 33.23 0.0 92.5 14.0
33.23 0.0 21.6 0.0 33.23 0.0 95.5 3.0
33.23 0.0 21.6 -78.14 33.23 11.63 110.5 15.0
33.23 0.0 99.68 78.08 21.6 -11.63 115.5 5.0
33.23 0.0 21.6 -78.06 21.6 -11.63 116.0 0.5
33.23 0.0 21.6 0.0 21.6 0.0 124.5 8.5
33.23 0.0 99.52 77.92 33.23 11.63 126.0 1.5
33.23 0.0 99.41 -0.11 33.23 0.0 127.0 1.0
33.23 0.0 21.6 0.0 21.6 -11.63 127.5 0.5
33.23 0.0 99.41 77.81 33.23 11.63 135.0 7.5
33.23 0.0 99.41 0.0 33.23 0.0 135.5 0.5
33.23 0.0 99.41 55.1 44.31 0.0 94.0 -41.5
33.23 0.0 99.41 0.0 33.23 -11.08 73.0 -21.0
33.23 0.0 44.31 -55.1 33.23 0.0 70.0 -3.0
33.23 0.0 44.31 0.0 33.23 0.0 65.5 -4.5
33.23 0.0 99.41 55.1 44.31 11.08 64.5 -1.0
33.23 0.0 99.41 0.0 33.23 -11.08 57.5 -7.0
33.23 0.0 44.31 -55.1 33.23 0.0 51.0 -6.5
33.23 0.0 99.4 0.0 33.23 0.0 47.0 -4.0
33.23 0.0 99.4 55.09 33.23 -11.08 46.5 -0.5
33.23 0.0 44.31 0.0 44.31 0.0 46.0 -0.5
33.23 0.0 44.31 0.0 33.23 -11.08 44.0 -2.0
33.23 0.0 96.01 51.7 44.31 11.08 46.0 2.0
33.23 0.0 95.85 51.54 44.31 0.0 46.5 0.5
33.23 0.0 95.85 0.0 44.31 0.0 47.0 0.5
33.24 0.0 44.31 -51.54 44.31 0.0 48.0 1.0
33.23 -0.01 95.85 51.54 44.31 0.0 61.0 13.0
31.96 -1.27 44.31 -51.54 30.74 -13.57 62.0 1.0
30.02 -0.72 44.31 -51.54 44.31 14.29 64.0 2.0
30.02 0.0 95.85 51.54 44.31 0.0 64.5 0.5
30.02 0.0 95.85 0.0 29.86 -14.45 65.0 0.5
29.86 -0.16 44.31 -51.54 29.81 -0.05 65.5 0.5
29.8 -0.06 44.31 0.0 44.31 14.5 66.0 0.5
29.72 0.0 95.85 0.0 44.31 14.59 67.0 1.0
29.66 -0.05 95.85 0.0 44.31 0.0 67.5 0.5
29.62 0.0 95.85 0.0 29.62 -14.69 68.0 0.5
28.34 -0.06 95.85 0.0 28.26 -0.14 69.0 1.0
28.27 0.0 44.31 0.0 44.31 0.0 68.5 -0.5
28.27 0.0 95.85 51.54 44.31 0.0 68.0 -0.5
27.91 0.0 44.31 0.0 44.31 16.4 67.5 -0.5
27.91 0.0 44.31 0.0 44.31 0.0 68.0 0.5
27.91 0.0 95.85 0.0 44.31 0.0 68.5 0.5
27.91 0.0 44.31 -51.54 44.31 0.0 68.0 -0.5
27.91 0.0 95.85 51.54 44.31 0.0 68.5 0.5
27.91 0.0 95.85 0.0 27.91 -16.4 69.0 0.5
27.91 0.0 44.31 -51.54 44.31 16.4 69.5 0.5
27.91 0.0 95.85 51.54 44.31 16.4 70.0 0.5
27.91 0.0 44.31 -51.54 44.31 0.0 69.5 -0.5
27.91 0.0 44.31 -51.54 27.91 -16.4 70.0 0.5
27.91 0.0 95.85 51.54 27.91 0.0 70.5 0.5
27.91 0.0 44.31 -51.54 27.91 0.0 71.0 0.5
27.91 0.0 44.31 0.0 27.91 0.0 70.5 -0.5
27.91 0.0 95.85 51.54 44.31 16.4 70.0 -0.5
27.91 0.0 95.85 51.54 44.31 16.4 69.5 -0.5
27.91 0.0 95.85 0.0 27.91 -16.4 70.0 0.5
81.82 0.0 135.1 60.48 135.1 53.28 76.0 -1.0
135.1 53.28 81.82 -53.28 81.82 -53.28 72.0 -4.0
81.82 13.36 135.1 0.0 135.1 0.0 71.0 -1.0
135.1 68.81 81.82 -53.28 66.16 -68.94 72.0 1.0
135.1 0.0 81.82 0.0 64.79 -1.32 73.0 1.0
64.63 -17.19 135.1 0.0 64.61 -0.02 72.0 -1.0
135.1 70.66 135.1 53.28 81.82 0.0 63.0 -9.0
135.1 0.0 135.1 0.0 81.82 -53.28 62.0 -1.0
81.82 -53.28 135.1 0.0 135.1 53.28 61.0 -1.0
135.1 0.0 81.82 0.0 63.36 -18.46 60.0 -1.0
81.82 -53.28 63.09 -18.73 135.1 53.28 61.0 1.0
135.1 53.28 81.82 18.73 81.82 -53.28 60.0 -1.0
135.1 53.28 81.82 -53.28 81.82 0.0 61.0 1.0
81.82 19.11 135.1 0.0 81.82 0.0 63.0 2.0
135.1 0.0 135.1 53.28 62.71 -19.11 65.0 2.0
62.71 -72.39 135.1 0.0 135.1 72.39 69.0 4.0
62.71 0.0 81.71 -53.39 81.71 -53.39 70.0 1.0
81.7 -53.4 135.1 53.4 81.65 -0.05 71.0 1.0
78.33 -56.77 62.71 -72.39 135.1 56.77 72.0 1.0
62.71 0.0 62.71 -72.39 135.1 0.0 73.0 1.0
135.1 51.29 135.1 0.0 84.13 -50.97 72.0 -1.0
84.13 -50.97 135.1 0.0 84.28 0.15 73.0 1.0
135.1 50.7 85.85 23.14 62.71 0.0 72.0 -1.0
135.1 0.0 88.59 0.05 88.59 0.05 71.0 -1.0
63.29 -71.81 63.29 -26.07 89.36 0.0 69.0 -2.0
135.1 45.74 135.1 0.0 135.1 71.83 68.0 -1.0
89.36 26.5 62.78 -72.32 89.36 0.0 67.0 -1.0
135.1 45.74 135.1 72.32 89.36 0.0 64.5 -2.5
89.36 -45.74 135.1 0.0 62.78 -26.58 64.0 -0.5
135.1 45.74 135.1 0.0 135.1 72.32 63.0 -1.0
62.78 -72.32 62.78 -72.32 89.36 -45.74 61.0 -2.0
89.36 -45.74 135.1 0.0 62.78 -26.58 60.0 -1.0
135.1 0.0 135.1 0.0 62.75 -0.03 59.0 -1.0
135.08 0.0 89.36 -45.72 89.36 -45.72 59.5 0.5
57.84 -77.24 135.08 45.72 57.82 -31.54 60.0 0.5
57.83 0.01 135.1 0.0 89.36 31.54 61.0 1.0
89.36 31.48 135.1 0.0 57.89 -77.21 63.0 2.0
57.89 -31.47 135.1 0.0 135.1 77.21 64.0 1.0
135.1 77.21 135.1 0.0 89.36 -45.74 64.5 0.5
135.1 0.0 89.36 -45.74 57.89 -31.47 65.5 1.0
135.08 -0.02 89.36 0.0 57.89 0.0 67.0 1.5
135.1 0.0 135.1 0.0 89.36 0.0 68.0 1.0
57.89 0.0 135.1 0.0 57.89 0.0 68.5 0.5
57.89 -77.21 135.1 45.74 57.89 0.0 69.0 0.5
135.1 77.21 135.1 0.0 135.1 77.21 85.5 16.5
57.89 -77.21 57.89 -77.21 89.36 -45.74 88.5 3.0
57.89 0.0 89.36 31.47 89.36 0.0 90.0 1.5
135.1 77.21 89.36 0.0 57.89 -31.47 90.5 0.5
135.08 -0.02 89.36 0.0 57.89 0.0 91.0 0.5
57.89 -77.19 135.1 45.74 135.1 77.21 93.0 2.0
135.1 77.21 89.36 -45.74 89.36 -45.74 95.0 2.0
135.1 0.0 89.36 0.0 89.36 0.0 96.0 1.0
135.1 0.0 135.1 45.74 89.36 0.0 96.5 0.5
135.1 0.0 135.1 0.0 89.36 0.0 97.0 0.5
89.36 -45.74 135.1 0.0 57.89 -31.47 98.0 1.0
57.89 -31.47 135.1 0.0 135.1 77.21 98.5 0.5
89.36 31.47 135.1 0.0 57.89 -77.21 99.0 0.5
89.36 31.47 57.89 -77.19 135.1 45.74 99.5 0.5
89.36 0.0 135.1 77.21 135.1 0.0 100.0 0.5
57.89 -31.47 57.89 -77.21 89.36 -45.74 100.5 0.5
89.36 31.47 57.89 0.0 135.1 45.74 101.0 0.5
57.89 -31.47 57.89 -77.21 135.1 0.0 101.5 0.5
89.36 0.0 135.1 77.21 57.89 -77.21 102.0 0.5
89.36 -45.74 135.1 0.0 57.89 -77.21 102.5 0.5
89.36 31.47 135.34 0.22 89.36 0.0 103.0 0.5
89.36 0.0 57.89 -77.45 89.36 0.0 103.5 0.5
135.71 77.82 135.77 0.08 89.36 31.47 104.0 0.5
57.89 -77.82 89.36 -46.41 57.89 -31.47 104.5 0.5
57.89 0.0 89.36 0.0 57.89 0.0 105.0 0.5
136.54 0.1 89.36 -47.18 89.36 0.0 105.5 0.5
131.27 -0.24 131.19 -0.22 131.19 73.3 106.0 0.5
57.89 -73.3 131.19 41.83 89.36 31.47 106.5 0.5
57.89 -31.47 130.92 -0.24 89.36 -41.56 107.0 0.5
130.65 41.29 89.36 -41.29 89.36 -41.29 107.5 0.5
129.88 40.52 89.36 31.47 57.89 -71.99 108.5 1.0
129.67 -0.09 129.67 40.31 89.36 0.0 109.0 0.5
129.67 0.0 89.36 -40.31 89.36 -40.31 109.5 0.5
89.36 -40.31 57.89 -31.47 57.89 -31.47 109.0 -0.5
129.67 40.31 89.36 31.47 57.89 0.0 109.5 0.5
89.36 -40.31 57.89 -31.47 129.67 40.31 111.0 1.5
89.36 0.0 129.67 71.78 129.67 0.0 109.5 -1.5
129.67 40.31 89.36 -40.31 89.36 -40.31 109.0 -0.5
129.67 0.0 129.67 40.31 89.36 0.0 106.0 -3.0
89.36 -40.31 129.67 0.0 57.89 -31.47 90.5 -15.5
57.89 -31.47 89.36 -40.31 89.36 0.0 90.0 -0.5
89.36 31.47 129.67 71.78 89.36 -40.31 90.5 0.5
129.67 0.0 129.67 40.31 89.36 0.0 90.0 -0.5
57.89 -31.47 129.67 0.0 89.36 31.47 90.5 0.5
89.36 31.47 129.67 0.0 89.36 0.0 90.0 -0.5
63.84 -65.83 129.67 0.0 129.67 65.83 89.5 -0.5
63.84 -65.83 129.67 0.0 63.84 0.0 88.5 -1.0
63.84 0.0 129.67 0.0 89.36 25.52 88.0 -0.5
89.36 25.52 129.67 0.0 129.67 40.31 87.0 -1.0
129.68 65.84 129.68 65.84 63.84 -25.52 86.0 -1.0
129.68 0.0 129.64 -0.04 129.62 65.78 85.0 -1.0
89.36 -40.32 129.62 -0.02 129.62 0.0 84.5 -0.5
129.62 40.26 129.48 -0.14 89.36 -40.26 83.0 -1.5
63.84 -66.3 130.33 40.97 63.84 -25.52 82.0 -1.0
63.84 -69.7 134.24 44.88 63.84 0.0 81.0 -1.0
89.36 0.0 63.84 -70.4 63.81 -25.55 80.0 -1.0
63.7 -25.66 134.24 0.0 63.7 0.0 79.0 -1.0
134.24 70.54 134.24 0.0 134.24 70.62 77.0 -2.0
62.87 -71.37 62.87 -26.49 89.36 0.0 76.0 -1.0
134.24 71.37 89.36 26.49 89.36 0.0 75.0 -1.0
89.36 -44.88 134.24 44.88 62.87 -26.49 73.0 -2.0
134.24 71.37 89.36 -44.88 89.36 -44.88 69.5 -3.5
62.88 -71.36 62.93 -26.43 63.2 -26.16 67.5 -2.0
63.44 -70.8 134.24 44.88 134.24 70.8 67.0 -0.5
63.71 -70.53 63.71 -70.53 134.24 0.0 66.5 -0.5
89.36 25.65 134.24 70.53 134.24 0.0 66.0 -0.5
63.96 -25.4 134.24 0.0 134.24 70.28 64.5 -1.5
89.36 25.4 134.24 0.0 89.36 -44.88 64.0 -0.5
89.36 0.0 134.24 0.0 134.24 44.88 63.5 -0.5
134.24 44.88 89.36 -44.88 89.36 -44.88 62.0 -1.5
89.36 25.07 134.24 0.0 134.24 0.0 63.0 1.0
134.24 44.88 89.36 -44.88 89.36 -44.88 63.5 0.5
134.24 0.0 134.24 44.88 89.36 0.0 64.0 0.5
89.36 -44.88 134.24 0.0 64.46 -24.9 64.5 0.5
64.46 0.0 134.24 0.0 64.46 0.0 66.0 1.5
64.46 -69.2 133.64 44.28 133.64 44.28 66.5 0.5
89.36 24.9 64.46 -72.29 138.16 48.8 66.0 -0.5
138.32 48.96 89.36 -48.86 89.36 -48.96 63.0 -3.0
138.43 0.0 89.36 0.0 89.36 24.9 62.0 -1.0
138.43 0.0 89.36 0.0 89.36 0.0 63.0 1.0
